Hull Hydrostatics:,
141
0.00E+00,0.00E+00,0.00E+00,0.00E+00,0.00E+00,0.00E+00,0.00E+00,       0,       0,       0,0.00E+00,       0,0.00E+00,       0,0.00E+00,       0,       0,       0,       0,0.00E+00,       0
1.00E-01,0.00E+00,1.00E-01,1.00E-01,1.13E+02,1.16E+05,9.56E+03,6.00E+01,0.00E+00,5.98E-02,1.23E+03,6.05E+01,5.11E+06,6.26E+05,2.39E+04,5.54E+03,2.11E+02,5.54E+03,2.11E+02,1.26E+01,5.04E+04
2.00E-01,0.00E+00,2.00E-01,2.00E-01,2.55E+02,2.61E+05,9.67E+03,6.01E+01,0.00E+00,1.15E-01,1.34E+03,6.04E+01,5.60E+06,7.22E+05,2.89E+04,2.83E+03,1.13E+02,2.83E+03,1.13E+02,1.37E+01,5.82E+04
3.00E-01,0.00E+00,3.00E-01,3.00E-01,4.05E+02,4.15E+05,9.72E+03,6.04E+01,0.00E+00,1.69E-01,1.43E+03,6.02E+01,5.99E+06,8.33E+05,3.15E+04,2.06E+03,7.78E+01,2.06E+03,7.79E+01,1.46E+01,6.70E+04
4.00E-01,0.00E+00,4.00E-01,4.00E-01,5.58E+02,5.72E+05,9.76E+03,6.06E+01,0.00E+00,2.23E-01,1.36E+03,6.26E+01,6.12E+06,7.73E+05,2.86E+04,1.38E+03,5.12E+01,1.38E+03,5.14E+01,1.40E+01,6.22E+04
5.00E-01,0.00E+00,5.00E-01,5.00E-01,7.15E+02,7.32E+05,9.80E+03,6.08E+01,0.00E+00,2.76E-01,1.42E+03,6.23E+01,6.34E+06,8.45E+05,3.06E+04,1.18E+03,4.28E+01,1.18E+03,4.31E+01,1.45E+01,6.80E+04
6.00E-01,0.00E+00,6.00E-01,6.00E-01,8.73E+02,8.94E+05,9.84E+03,6.10E+01,0.00E+00,3.29E-01,1.44E+03,6.22E+01,6.48E+06,8.90E+05,3.14E+04,1.02E+03,3.60E+01,1.02E+03,3.63E+01,1.48E+01,7.16E+04
7.00E-01,0.00E+00,7.00E-01,7.00E-01,1.03E+03,1.06E+06,9.87E+03,6.12E+01,0.00E+00,3.82E-01,1.55E+03,6.06E+01,6.73E+06,1.01E+06,3.72E+04,9.81E+02,3.60E+01,9.81E+02,3.64E+01,1.59E+01,8.16E+04
8.00E-01,0.00E+00,8.00E-01,8.00E-01,1.20E+03,1.23E+06,9.90E+03,6.13E+01,0.00E+00,4.33E-01,1.56E+03,6.06E+01,6.75E+06,1.03E+06,3.74E+04,8.56E+02,3.12E+01,8.57E+02,3.16E+01,1.60E+01,8.25E+04
9.00E-01,0.00E+00,9.00E-01,9.00E-01,1.36E+03,1.40E+06,9.94E+03,6.13E+01,0.00E+00,4.85E-01,1.51E+03,6.26E+01,6.84E+06,9.41E+05,3.50E+04,6.91E+02,2.57E+01,6.91E+02,2.61E+01,1.54E+01,7.58E+04
1.00E+00,0.00E+00,1.00E+00,1.00E+00,1.53E+03,1.57E+06,9.97E+03,6.14E+01,0.00E+00,5.36E-01,1.53E+03,6.26E+01,6.98E+06,9.73E+05,3.60E+04,6.36E+02,2.36E+01,6.36E+02,2.41E+01,1.57E+01,7.83E+04
1.10E+00,0.00E+00,1.10E+00,1.10E+00,1.70E+03,1.74E+06,1.00E+04,6.14E+01,0.00E+00,5.87E-01,1.57E+03,6.23E+01,7.08E+06,1.00E+06,3.89E+04,5.89E+02,2.29E+01,5.90E+02,2.35E+01,1.61E+01,8.07E+04
1.20E+00,0.00E+00,1.20E+00,1.20E+00,1.87E+03,1.92E+06,1.00E+04,6.14E+01,0.00E+00,6.38E-01,1.60E+03,6.17E+01,7.14E+06,1.05E+06,4.06E+04,5.58E+02,2.17E+01,5.59E+02,2.23E+01,1.64E+01,8.41E+04
1.30E+00,0.00E+00,1.30E+00,1.30E+00,2.04E+03,2.09E+06,1.01E+04,6.14E+01,0.00E+00,6.89E-01,1.61E+03,6.16E+01,7.15E+06,1.05E+06,4.09E+04,5.15E+02,2.00E+01,5.16E+02,2.07E+01,1.65E+01,8.47E+04
1.40E+00,0.00E+00,1.40E+00,1.40E+00,2.22E+03,2.27E+06,1.01E+04,6.14E+01,0.00E+00,7.40E-01,1.71E+03,6.01E+01,7.35E+06,1.17E+06,4.76E+04,5.29E+02,2.14E+01,5.30E+02,2.22E+01,1.75E+01,9.45E+04
1.50E+00,0.00E+00,1.50E+00,1.50E+00,2.40E+03,2.45E+06,1.01E+04,6.14E+01,0.00E+00,7.91E-01,1.72E+03,6.00E+01,7.39E+06,1.19E+06,4.80E+04,4.97E+02,2.00E+01,4.98E+02,2.08E+01,1.76E+01,9.58E+04
1.60E+00,0.00E+00,1.60E+00,1.60E+00,2.57E+03,2.63E+06,1.02E+04,6.14E+01,0.00E+00,8.43E-01,1.73E+03,6.01E+01,7.45E+06,1.20E+06,4.84E+04,4.68E+02,1.88E+01,4.68E+02,1.97E+01,1.77E+01,9.68E+04
1.70E+00,0.00E+00,1.70E+00,1.70E+00,2.75E+03,2.82E+06,1.02E+04,6.14E+01,0.00E+00,8.94E-01,1.74E+03,6.01E+01,7.49E+06,1.21E+06,4.87E+04,4.41E+02,1.77E+01,4.42E+02,1.86E+01,1.78E+01,9.77E+04
1.80E+00,0.00E+00,1.80E+00,1.80E+00,2.93E+03,3.00E+06,1.02E+04,6.14E+01,0.00E+00,9.46E-01,1.75E+03,6.03E+01,7.58E+06,1.23E+06,4.91E+04,4.21E+02,1.67E+01,4.22E+02,1.77E+01,1.79E+01,9.93E+04
1.90E+00,0.00E+00,1.90E+00,1.90E+00,3.11E+03,3.19E+06,1.03E+04,6.14E+01,0.00E+00,9.98E-01,1.67E+03,6.19E+01,7.56E+06,1.16E+06,4.31E+04,3.72E+02,1.38E+01,3.73E+02,1.48E+01,1.71E+01,9.32E+04
2.00E+00,0.00E+00,2.00E+00,2.00E+00,3.30E+03,3.38E+06,1.03E+04,6.13E+01,0.00E+00,1.05E+00,1.69E+03,6.21E+01,7.67E+06,1.17E+06,4.41E+04,3.56E+02,1.34E+01,3.57E+02,1.44E+01,1.73E+01,9.45E+04
2.10E+00,0.00E+00,2.10E+00,2.10E+00,3.48E+03,3.56E+06,1.03E+04,6.13E+01,0.00E+00,1.10E+00,1.70E+03,6.23E+01,7.76E+06,1.18E+06,4.49E+04,3.40E+02,1.29E+01,3.41E+02,1.40E+01,1.74E+01,9.53E+04
2.20E+00,0.00E+00,2.20E+00,2.20E+00,3.66E+03,3.75E+06,1.04E+04,6.13E+01,0.00E+00,1.15E+00,1.73E+03,6.16E+01,7.79E+06,1.23E+06,4.70E+04,3.36E+02,1.28E+01,3.37E+02,1.40E+01,1.77E+01,9.90E+04
2.30E+00,0.00E+00,2.30E+00,2.30E+00,3.85E+03,3.94E+06,1.04E+04,6.13E+01,0.00E+00,1.21E+00,1.73E+03,6.15E+01,7.79E+06,1.24E+06,4.71E+04,3.21E+02,1.22E+01,3.22E+02,1.34E+01,1.78E+01,9.95E+04
2.40E+00,0.00E+00,2.40E+00,2.40E+00,4.04E+03,4.13E+06,1.04E+04,6.13E+01,0.00E+00,1.26E+00,1.74E+03,6.15E+01,7.83E+06,1.25E+06,4.74E+04,3.09E+02,1.18E+01,3.10E+02,1.30E+01,1.78E+01,1.00E+05
2.50E+00,0.00E+00,2.50E+00,2.50E+00,4.22E+03,4.32E+06,1.04E+04,6.13E+01,0.00E+00,1.31E+00,1.75E+03,6.17E+01,7.93E+06,1.27E+06,4.78E+04,3.00E+02,1.13E+01,3.01E+02,1.26E+01,1.79E+01,1.02E+05
2.60E+00,0.00E+00,2.60E+00,2.60E+00,4.41E+03,4.52E+06,1.05E+04,6.13E+01,0.00E+00,1.36E+00,1.76E+03,6.17E+01,7.95E+06,1.28E+06,4.79E+04,2.90E+02,1.09E+01,2.91E+02,1.22E+01,1.80E+01,1.03E+05
2.70E+00,0.00E+00,2.70E+00,2.70E+00,4.60E+03,4.71E+06,1.05E+04,6.13E+01,0.00E+00,1.41E+00,1.77E+03,6.17E+01,8.00E+06,1.30E+06,4.82E+04,2.82E+02,1.05E+01,2.83E+02,1.19E+01,1.81E+01,1.04E+05
2.80E+00,0.00E+00,2.80E+00,2.80E+00,4.79E+03,4.90E+06,1.05E+04,6.13E+01,0.00E+00,1.46E+00,1.86E+03,6.01E+01,8.10E+06,1.39E+06,5.60E+04,2.91E+02,1.17E+01,2.92E+02,1.32E+01,1.90E+01,1.12E+05
2.90E+00,0.00E+00,2.90E+00,2.90E+00,4.98E+03,5.10E+06,1.05E+04,6.13E+01,0.00E+00,1.52E+00,1.86E+03,6.01E+01,8.12E+06,1.40E+06,5.61E+04,2.81E+02,1.13E+01,2.83E+02,1.28E+01,1.90E+01,1.13E+05
3.00E+00,0.00E+00,3.00E+00,3.00E+00,5.17E+03,5.29E+06,1.06E+04,6.12E+01,0.00E+00,1.57E+00,1.86E+03,6.01E+01,8.14E+06,1.41E+06,5.62E+04,2.72E+02,1.09E+01,2.74E+02,1.25E+01,1.91E+01,1.13E+05
3.10E+00,0.00E+00,3.10E+00,3.10E+00,5.36E+03,5.49E+06,1.06E+04,6.12E+01,0.00E+00,1.62E+00,1.87E+03,6.00E+01,8.14E+06,1.42E+06,5.65E+04,2.65E+02,1.05E+01,2.66E+02,1.22E+01,1.91E+01,1.14E+05
3.20E+00,0.00E+00,3.20E+00,3.20E+00,5.55E+03,5.68E+06,1.06E+04,6.12E+01,0.00E+00,1.67E+00,1.87E+03,6.00E+01,8.18E+06,1.43E+06,5.67E+04,2.58E+02,1.02E+01,2.59E+02,1.19E+01,1.92E+01,1.15E+05
3.30E+00,0.00E+00,3.30E+00,3.30E+00,5.74E+03,5.88E+06,1.06E+04,6.12E+01,0.00E+00,1.72E+00,1.88E+03,6.00E+01,8.19E+06,1.43E+06,5.68E+04,2.50E+02,9.91E+00,2.52E+02,1.16E+01,1.92E+01,1.15E+05
3.40E+00,0.00E+00,3.40E+00,3.40E+00,5.93E+03,6.07E+06,1.07E+04,6.12E+01,0.00E+00,1.78E+00,1.88E+03,6.00E+01,8.22E+06,1.44E+06,5.70E+04,2.44E+02,9.61E+00,2.46E+02,1.14E+01,1.93E+01,1.16E+05
3.50E+00,0.00E+00,3.50E+00,3.50E+00,6.12E+03,6.27E+06,1.07E+04,6.12E+01,0.00E+00,1.83E+00,1.89E+03,6.00E+01,8.27E+06,1.46E+06,5.73E+04,2.39E+02,9.36E+00,2.41E+02,1.12E+01,1.94E+01,1.18E+05
3.60E+00,0.00E+00,3.60E+00,3.60E+00,6.31E+03,6.46E+06,1.07E+04,6.12E+01,0.00E+00,1.88E+00,1.89E+03,6.00E+01,8.28E+06,1.46E+06,5.74E+04,2.32E+02,9.10E+00,2.34E+02,1.10E+01,1.94E+01,1.18E+05
3.70E+00,0.00E+00,3.70E+00,3.70E+00,6.50E+03,6.66E+06,1.07E+04,6.12E+01,0.00E+00,1.93E+00,1.81E+03,6.16E+01,8.22E+06,1.37E+06,4.95E+04,2.11E+02,7.62E+00,2.13E+02,9.55E+00,1.85E+01,1.10E+05
3.80E+00,0.00E+00,3.80E+00,3.80E+00,6.69E+03,6.85E+06,1.08E+04,6.12E+01,0.00E+00,1.99E+00,1.81E+03,6.15E+01,8.22E+06,1.38E+06,4.96E+04,2.06E+02,7.42E+00,2.08E+02,9.40E+00,1.85E+01,1.11E+05
3.90E+00,0.00E+00,3.90E+00,3.90E+00,6.89E+03,7.05E+06,1.08E+04,6.12E+01,0.00E+00,2.04E+00,1.81E+03,6.14E+01,8.22E+06,1.39E+06,4.98E+04,2.02E+02,7.24E+00,2.04E+02,9.28E+00,1.86E+01,1.12E+05
4.00E+00,0.00E+00,4.00E+00,4.00E+00,7.08E+03,7.25E+06,1.08E+04,6.12E+01,0.00E+00,2.09E+00,1.82E+03,6.13E+01,8.22E+06,1.40E+06,5.00E+04,1.97E+02,7.07E+00,1.99E+02,9.16E+00,1.86E+01,1.12E+05
4.10E+00,0.00E+00,4.10E+00,4.10E+00,7.27E+03,7.44E+06,1.08E+04,6.12E+01,0.00E+00,2.14E+00,1.83E+03,6.15E+01,8.31E+06,1.41E+06,5.03E+04,1.94E+02,6.92E+00,1.97E+02,9.07E+00,1.87E+01,1.14E+05
4.20E+00,0.00E+00,4.20E+00,4.20E+00,7.46E+03,7.64E+06,1.09E+04,6.12E+01,0.00E+00,2.19E+00,1.83E+03,6.14E+01,8.33E+06,1.42E+06,5.05E+04,1.91E+02,6.77E+00,1.93E+02,8.96E+00,1.87E+01,1.15E+05
4.30E+00,0.00E+00,4.30E+00,4.30E+00,7.66E+03,7.84E+06,1.09E+04,6.12E+01,0.00E+00,2.25E+00,1.83E+03,6.14E+01,8.33E+06,1.43E+06,5.06E+04,1.87E+02,6.61E+00,1.89E+02,8.86E+00,1.88E+01,1.15E+05
4.40E+00,0.00E+00,4.40E+00,4.40E+00,7.85E+03,8.04E+06,1.09E+04,6.12E+01,0.00E+00,2.30E+00,1.84E+03,6.14E+01,8.36E+06,1.44E+06,5.07E+04,1.84E+02,6.46E+00,1.86E+02,8.76E+00,1.88E+01,1.16E+05
4.50E+00,0.00E+00,4.50E+00,4.50E+00,8.04E+03,8.24E+06,1.09E+04,6.12E+01,0.00E+00,2.35E+00,1.85E+03,6.12E+01,8.36E+06,1.45E+06,5.10E+04,1.81E+02,6.34E+00,1.83E+02,8.69E+00,1.89E+01,1.17E+05
4.60E+00,0.00E+00,4.60E+00,4.60E+00,8.24E+03,8.44E+06,1.10E+04,6.12E+01,0.00E+00,2.40E+00,1.85E+03,6.12E+01,8.38E+06,1.46E+06,5.11E+04,1.78E+02,6.20E+00,1.80E+02,8.61E+00,1.89E+01,1.18E+05
4.70E+00,0.00E+00,4.70E+00,4.70E+00,8.43E+03,8.64E+06,1.10E+04,6.12E+01,0.00E+00,2.46E+00,1.88E+03,6.07E+01,8.41E+06,1.49E+06,5.36E+04,1.77E+02,6.36E+00,1.80E+02,8.81E+00,1.92E+01,1.20E+05
4.80E+00,0.00E+00,4.80E+00,4.80E+00,8.63E+03,8.84E+06,1.10E+04,6.12E+01,0.00E+00,2.51E+00,1.88E+03,6.07E+01,8.43E+06,1.50E+06,5.38E+04,1.74E+02,6.24E+00,1.76E+02,8.74E+00,1.93E+01,1.21E+05
4.90E+00,0.00E+00,4.90E+00,4.90E+00,8.82E+03,9.04E+06,1.10E+04,6.12E+01,0.00E+00,2.56E+00,1.89E+03,6.05E+01,8.44E+06,1.52E+06,5.41E+04,1.72E+02,6.13E+00,1.75E+02,8.69E+00,1.94E+01,1.22E+05
5.00E+00,0.00E+00,5.00E+00,5.00E+00,9.02E+03,9.24E+06,1.11E+04,6.12E+01,0.00E+00,2.61E+00,1.90E+03,6.05E+01,8.47E+06,1.53E+06,5.44E+04,1.69E+02,6.04E+00,1.72E+02,8.65E+00,1.94E+01,1.23E+05
5.10E+00,0.00E+00,5.10E+00,5.10E+00,9.22E+03,9.44E+06,1.11E+04,6.12E+01,0.00E+00,2.67E+00,1.90E+03,6.04E+01,8.49E+06,1.54E+06,5.46E+04,1.67E+02,5.92E+00,1.70E+02,8.59E+00,1.95E+01,1.24E+05
5.20E+00,0.00E+00,5.20E+00,5.20E+00,9.42E+03,9.64E+06,1.11E+04,6.12E+01,0.00E+00,2.72E+00,1.91E+03,6.03E+01,8.47E+06,1.55E+06,5.49E+04,1.64E+02,5.83E+00,1.67E+02,8.55E+00,1.95E+01,1.24E+05
5.30E+00,0.00E+00,5.30E+00,5.30E+00,9.61E+03,9.84E+06,1.11E+04,6.12E+01,0.00E+00,2.77E+00,1.91E+03,6.01E+01,8.47E+06,1.56E+06,5.50E+04,1.62E+02,5.72E+00,1.65E+02,8.49E+00,1.96E+01,1.26E+05
5.40E+00,0.00E+00,5.40E+00,5.40E+00,9.81E+03,1.01E+07,1.12E+04,6.11E+01,0.00E+00,2.82E+00,1.92E+03,6.01E+01,8.50E+06,1.57E+06,5.54E+04,1.60E+02,5.64E+00,1.63E+02,8.47E+00,1.96E+01,1.27E+05
5.50E+00,0.00E+00,5.50E+00,5.50E+00,1.00E+04,1.03E+07,1.12E+04,6.11E+01,0.00E+00,2.88E+00,1.93E+03,6.00E+01,8.50E+06,1.59E+06,5.57E+04,1.58E+02,5.57E+00,1.61E+02,8.44E+00,1.97E+01,1.28E+05
5.60E+00,0.00E+00,5.60E+00,5.60E+00,1.02E+04,1.05E+07,1.12E+04,6.11E+01,0.00E+00,2.93E+00,1.93E+03,5.99E+01,8.50E+06,1.59E+06,5.59E+04,1.56E+02,5.48E+00,1.59E+02,8.40E+00,1.97E+01,1.28E+05
5.70E+00,0.00E+00,5.70E+00,5.70E+00,1.04E+04,1.07E+07,1.12E+04,6.11E+01,0.00E+00,2.98E+00,1.94E+03,5.96E+01,8.51E+06,1.62E+06,5.62E+04,1.55E+02,5.39E+00,1.58E+02,8.37E+00,1.98E+01,1.30E+05
5.80E+00,0.00E+00,5.80E+00,5.80E+00,1.06E+04,1.09E+07,1.13E+04,6.11E+01,0.00E+00,3.03E+00,1.94E+03,5.96E+01,8.51E+06,1.62E+06,5.63E+04,1.53E+02,5.31E+00,1.56E+02,8.34E+00,1.99E+01,1.31E+05
5.90E+00,0.00E+00,5.90E+00,5.90E+00,1.08E+04,1.11E+07,1.13E+04,6.10E+01,0.00E+00,3.09E+00,1.94E+03,5.95E+01,8.50E+06,1.63E+06,5.66E+04,1.50E+02,5.23E+00,1.54E+02,8.32E+00,1.99E+01,1.31E+05
6.00E+00,0.00E+00,6.00E+00,6.00E+00,1.10E+04,1.13E+07,1.13E+04,6.10E+01,0.00E+00,3.14E+00,1.95E+03,5.93E+01,8.51E+06,1.64E+06,5.70E+04,1.49E+02,5.18E+00,1.52E+02,8.32E+00,2.00E+01,1.32E+05
6.10E+00,0.00E+00,6.10E+00,6.10E+00,1.12E+04,1.15E+07,1.14E+04,6.10E+01,0.00E+00,3.19E+00,1.96E+03,5.91E+01,8.51E+06,1.67E+06,5.73E+04,1.49E+02,5.10E+00,1.52E+02,8.30E+00,2.01E+01,1.34E+05
6.20E+00,0.00E+00,6.20E+00,6.20E+00,1.14E+04,1.17E+07,1.14E+04,6.09E+01,0.00E+00,3.25E+00,1.97E+03,5.90E+01,8.51E+06,1.68E+06,5.74E+04,1.47E+02,5.02E+00,1.50E+02,8.26E+00,2.01E+01,1.35E+05
6.30E+00,0.00E+00,6.30E+00,6.30E+00,1.16E+04,1.19E+07,1.14E+04,6.09E+01,0.00E+00,3.30E+00,1.97E+03,5.86E+01,8.49E+06,1.70E+06,5.76E+04,1.46E+02,4.95E+00,1.50E+02,8.25E+00,2.02E+01,1.37E+05
6.40E+00,0.00E+00,6.40E+00,6.40E+00,1.18E+04,1.21E+07,1.14E+04,6.09E+01,0.00E+00,3.35E+00,1.98E+03,5.85E+01,8.52E+06,1.72E+06,5.81E+04,1.46E+02,4.90E+00,1.49E+02,8.25E+00,2.03E+01,1.39E+05
6.50E+00,0.00E+00,6.50E+00,6.50E+00,1.21E+04,1.23E+07,1.15E+04,6.08E+01,0.00E+00,3.41E+00,1.99E+03,5.85E+01,8.57E+06,1.75E+06,5.84E+04,1.45E+02,4.85E+00,1.49E+02,8.25E+00,2.04E+01,1.41E+05
6.60E+00,0.00E+00,6.60E+00,6.60E+00,1.23E+04,1.26E+07,1.15E+04,6.08E+01,0.00E+00,3.46E+00,2.00E+03,5.83E+01,8.57E+06,1.77E+06,5.87E+04,1.45E+02,4.79E+00,1.48E+02,8.25E+00,2.05E+01,1.43E+05
6.70E+00,0.00E+00,6.70E+00,6.70E+00,1.25E+04,1.28E+07,1.15E+04,6.07E+01,0.00E+00,3.51E+00,2.01E+03,5.81E+01,8.59E+06,1.80E+06,5.89E+04,1.44E+02,4.72E+00,1.48E+02,8.23E+00,2.06E+01,1.45E+05
6.80E+00,0.00E+00,6.80E+00,6.80E+00,1.27E+04,1.30E+07,1.16E+04,6.07E+01,0.00E+00,3.57E+00,2.02E+03,5.80E+01,8.59E+06,1.81E+06,5.91E+04,1.43E+02,4.66E+00,1.46E+02,8.22E+00,2.07E+01,1.46E+05
6.90E+00,0.00E+00,6.90E+00,6.90E+00,1.29E+04,1.32E+07,1.16E+04,6.06E+01,0.00E+00,3.62E+00,2.02E+03,5.78E+01,8.58E+06,1.82E+06,5.93E+04,1.42E+02,4.60E+00,1.45E+02,8.22E+00,2.07E+01,1.47E+05
7.00E+00,0.00E+00,7.00E+00,7.00E+00,1.31E+04,1.34E+07,1.16E+04,6.06E+01,0.00E+00,3.67E+00,2.03E+03,5.76E+01,8.58E+06,1.85E+06,5.96E+04,1.41E+02,4.55E+00,1.45E+02,8.22E+00,2.08E+01,1.49E+05
7.10E+00,0.00E+00,7.10E+00,7.10E+00,1.33E+04,1.36E+07,1.16E+04,6.05E+01,0.00E+00,3.73E+00,2.04E+03,5.73E+01,8.58E+06,1.88E+06,5.98E+04,1.41E+02,4.49E+00,1.45E+02,8.22E+00,2.09E+01,1.51E+05
7.20E+00,0.00E+00,7.20E+00,7.20E+00,1.35E+04,1.39E+07,1.17E+04,6.05E+01,0.00E+00,3.78E+00,2.05E+03,5.72E+01,8.60E+06,1.90E+06,6.00E+04,1.40E+02,4.44E+00,1.44E+02,8.22E+00,2.10E+01,1.53E+05
7.30E+00,0.00E+00,7.30E+00,7.30E+00,1.37E+04,1.41E+07,1.17E+04,6.04E+01,0.00E+00,3.83E+00,2.06E+03,5.70E+01,8.60E+06,1.92E+06,6.03E+04,1.39E+02,4.39E+00,1.43E+02,8.22E+00,2.11E+01,1.54E+05
7.40E+00,0.00E+00,7.40E+00,7.40E+00,1.40E+04,1.43E+07,1.17E+04,6.04E+01,0.00E+00,3.89E+00,2.06E+03,5.69E+01,8.60E+06,1.93E+06,6.04E+04,1.39E+02,4.33E+00,1.42E+02,8.21E+00,2.11E+01,1.56E+05
7.50E+00,0.00E+00,7.50E+00,7.50E+00,1.42E+04,1.45E+07,1.18E+04,6.03E+01,0.00E+00,3.94E+00,2.07E+03,5.68E+01,8.60E+06,1.94E+06,6.07E+04,1.37E+02,4.28E+00,1.41E+02,8.22E+00,2.12E+01,1.56E+05
7.60E+00,0.00E+00,7.60E+00,7.60E+00,1.44E+04,1.47E+07,1.18E+04,6.03E+01,0.00E+00,3.99E+00,2.08E+03,5.67E+01,8.65E+06,1.97E+06,6.11E+04,1.37E+02,4.25E+00,1.41E+02,8.24E+00,2.13E+01,1.59E+05
7.70E+00,0.00E+00,7.70E+00,7.70E+00,1.46E+04,1.50E+07,1.18E+04,6.02E+01,0.00E+00,4.05E+00,2.08E+03,5.65E+01,8.65E+06,1.99E+06,6.12E+04,1.36E+02,4.19E+00,1.40E+02,8.24E+00,2.13E+01,1.60E+05
7.80E+00,0.00E+00,7.80E+00,7.80E+00,1.48E+04,1.52E+07,1.18E+04,6.02E+01,0.00E+00,4.10E+00,2.10E+03,5.65E+01,8.71E+06,2.02E+06,6.18E+04,1.36E+02,4.17E+00,1.40E+02,8.27E+00,2.15E+01,1.63E+05
7.90E+00,0.00E+00,7.90E+00,7.90E+00,1.50E+04,1.54E+07,1.19E+04,6.01E+01,0.00E+00,4.16E+00,2.10E+03,5.64E+01,8.71E+06,2.03E+06,6.21E+04,1.35E+02,4.13E+00,1.39E+02,8.28E+00,2.15E+01,1.64E+05
8.00E+00,0.00E+00,8.00E+00,8.00E+00,1.53E+04,1.56E+07,1.19E+04,6.00E+01,0.00E+00,4.21E+00,2.11E+03,5.62E+01,8.71E+06,2.05E+06,6.24E+04,1.35E+02,4.09E+00,1.39E+02,8.30E+00,2.16E+01,1.65E+05
8.10E+00,0.00E+00,8.10E+00,8.10E+00,1.55E+04,1.59E+07,1.19E+04,6.00E+01,0.00E+00,4.26E+00,2.11E+03,5.62E+01,8.74E+06,2.06E+06,6.25E+04,1.33E+02,4.04E+00,1.38E+02,8.30E+00,2.16E+01,1.66E+05
8.20E+00,0.00E+00,8.20E+00,8.20E+00,1.57E+04,1.61E+07,1.20E+04,5.99E+01,0.00E+00,4.32E+00,2.12E+03,5.62E+01,8.76E+06,2.08E+06,6.27E+04,1.32E+02,3.99E+00,1.37E+02,8.31E+00,2.17E+01,1.67E+05
8.30E+00,0.00E+00,8.30E+00,8.30E+00,1.59E+04,1.63E+07,1.20E+04,5.99E+01,0.00E+00,4.37E+00,2.12E+03,5.60E+01,8.76E+06,2.10E+06,6.29E+04,1.32E+02,3.95E+00,1.36E+02,8.33E+00,2.18E+01,1.69E+05
8.40E+00,0.00E+00,8.40E+00,8.40E+00,1.61E+04,1.65E+07,1.20E+04,5.98E+01,0.00E+00,4.43E+00,2.13E+03,5.59E+01,8.76E+06,2.11E+06,6.31E+04,1.31E+02,3.91E+00,1.35E+02,8.34E+00,2.18E+01,1.70E+05
8.50E+00,0.00E+00,8.50E+00,8.50E+00,1.64E+04,1.68E+07,1.20E+04,5.98E+01,0.00E+00,4.48E+00,2.14E+03,5.57E+01,8.77E+06,2.13E+06,6.35E+04,1.30E+02,3.88E+00,1.35E+02,8.36E+00,2.19E+01,1.72E+05
8.60E+00,0.00E+00,8.60E+00,8.60E+00,1.66E+04,1.70E+07,1.21E+04,5.97E+01,0.00E+00,4.54E+00,2.15E+03,5.58E+01,8.84E+06,2.16E+06,6.37E+04,1.30E+02,3.84E+00,1.35E+02,8.38E+00,2.20E+01,1.74E+05
8.70E+00,0.00E+00,8.70E+00,8.70E+00,1.68E+04,1.72E+07,1.21E+04,5.97E+01,0.00E+00,4.59E+00,2.15E+03,5.58E+01,8.85E+06,2.17E+06,6.40E+04,1.29E+02,3.81E+00,1.34E+02,8.40E+00,2.20E+01,1.74E+05
8.80E+00,0.00E+00,8.80E+00,8.80E+00,1.70E+04,1.74E+07,1.21E+04,5.96E+01,0.00E+00,4.64E+00,2.16E+03,5.57E+01,8.87E+06,2.18E+06,6.43E+04,1.28E+02,3.78E+00,1.33E+02,8.42E+00,2.21E+01,1.76E+05
8.90E+00,0.00E+00,8.90E+00,8.90E+00,1.73E+04,1.77E+07,1.21E+04,5.96E+01,0.00E+00,4.70E+00,2.16E+03,5.56E+01,8.87E+06,2.19E+06,6.45E+04,1.27E+02,3.74E+00,1.32E+02,8.44E+00,2.21E+01,1.77E+05
9.00E+00,0.00E+00,9.00E+00,9.00E+00,1.75E+04,1.79E+07,1.22E+04,5.95E+01,0.00E+00,4.75E+00,2.17E+03,5.56E+01,8.92E+06,2.21E+06,6.50E+04,1.27E+02,3.72E+00,1.32E+02,8.47E+00,2.22E+01,1.78E+05
9.10E+00,0.00E+00,9.10E+00,9.10E+00,1.77E+04,1.81E+07,1.22E+04,5.95E+01,0.00E+00,4.81E+00,2.18E+03,5.56E+01,8.98E+06,2.25E+06,6.54E+04,1.27E+02,3.70E+00,1.32E+02,8.51E+00,2.23E+01,1.81E+05
9.20E+00,0.00E+00,9.20E+00,9.20E+00,1.79E+04,1.84E+07,1.22E+04,5.94E+01,0.00E+00,4.86E+00,2.18E+03,5.56E+01,9.00E+06,2.25E+06,6.56E+04,1.26E+02,3.66E+00,1.30E+02,8.52E+00,2.24E+01,1.81E+05
9.30E+00,0.00E+00,9.30E+00,9.30E+00,1.82E+04,1.86E+07,1.22E+04,5.94E+01,0.00E+00,4.92E+00,2.19E+03,5.55E+01,9.00E+06,2.26E+06,6.59E+04,1.25E+02,3.63E+00,1.30E+02,8.55E+00,2.24E+01,1.82E+05
9.40E+00,0.00E+00,9.40E+00,9.40E+00,1.84E+04,1.88E+07,1.23E+04,5.93E+01,0.00E+00,4.97E+00,2.19E+03,5.54E+01,9.02E+06,2.28E+06,6.62E+04,1.24E+02,3.60E+00,1.29E+02,8.57E+00,2.25E+01,1.84E+05
9.50E+00,0.00E+00,9.50E+00,9.50E+00,1.86E+04,1.91E+07,1.23E+04,5.93E+01,0.00E+00,5.03E+00,2.20E+03,5.54E+01,9.04E+06,2.30E+06,6.64E+04,1.24E+02,3.57E+00,1.29E+02,8.60E+00,2.25E+01,1.85E+05
9.60E+00,0.00E+00,9.60E+00,9.60E+00,1.88E+04,1.93E+07,1.23E+04,5.92E+01,0.00E+00,5.08E+00,2.21E+03,5.55E+01,9.13E+06,2.32E+06,6.67E+04,1.23E+02,3.54E+00,1.28E+02,8.63E+00,2.26E+01,1.87E+05
9.70E+00,0.00E+00,9.70E+00,9.70E+00,1.91E+04,1.95E+07,1.24E+04,5.92E+01,0.00E+00,5.14E+00,2.21E+03,5.55E+01,9.13E+06,2.33E+06,6.68E+04,1.22E+02,3.50E+00,1.27E+02,8.64E+00,2.26E+01,1.87E+05
9.80E+00,0.00E+00,9.80E+00,9.80E+00,1.93E+04,1.98E+07,1.24E+04,5.92E+01,0.00E+00,5.19E+00,2.21E+03,5.54E+01,9.15E+06,2.34E+06,6.69E+04,1.22E+02,3.47E+00,1.27E+02,8.66E+00,2.27E+01,1.89E+05
9.90E+00,0.00E+00,9.90E+00,9.90E+00,1.95E+04,2.00E+07,1.24E+04,5.91E+01,0.00E+00,5.25E+00,2.22E+03,5.54E+01,9.17E+06,2.36E+06,6.71E+04,1.21E+02,3.44E+00,1.26E+02,8.68E+00,2.27E+01,1.90E+05
1.00E+01,0.00E+00,1.00E+01,1.00E+01,1.97E+04,2.02E+07,1.24E+04,5.91E+01,0.00E+00,5.30E+00,2.23E+03,5.54E+01,9.20E+06,2.38E+06,6.76E+04,1.20E+02,3.42E+00,1.26E+02,8.72E+00,2.28E+01,1.91E+05
1.01E+01,0.00E+00,1.01E+01,1.01E+01,2.00E+04,2.05E+07,1.25E+04,5.90E+01,0.00E+00,5.35E+00,2.23E+03,5.53E+01,9.20E+06,2.39E+06,6.78E+04,1.20E+02,3.40E+00,1.25E+02,8.75E+00,2.28E+01,1.92E+05
1.02E+01,0.00E+00,1.02E+01,1.02E+01,2.02E+04,2.07E+07,1.25E+04,5.90E+01,0.00E+00,5.41E+00,2.24E+03,5.53E+01,9.25E+06,2.41E+06,6.82E+04,1.19E+02,3.38E+00,1.25E+02,8.79E+00,2.29E+01,1.94E+05
1.03E+01,0.00E+00,1.03E+01,1.03E+01,2.04E+04,2.09E+07,1.25E+04,5.90E+01,0.00E+00,5.46E+00,2.24E+03,5.53E+01,9.25E+06,2.41E+06,6.82E+04,1.18E+02,3.34E+00,1.24E+02,8.80E+00,2.29E+01,1.94E+05
1.04E+01,0.00E+00,1.04E+01,1.04E+01,2.07E+04,2.12E+07,1.25E+04,5.89E+01,0.00E+00,5.52E+00,2.24E+03,5.53E+01,9.29E+06,2.43E+06,6.85E+04,1.18E+02,3.32E+00,1.23E+02,8.83E+00,2.30E+01,1.96E+05
1.05E+01,0.00E+00,1.05E+01,1.05E+01,2.09E+04,2.14E+07,1.26E+04,5.89E+01,0.00E+00,5.57E+00,2.25E+03,5.53E+01,9.34E+06,2.46E+06,6.91E+04,1.18E+02,3.30E+00,1.23E+02,8.88E+00,2.31E+01,1.98E+05
1.06E+01,0.00E+00,1.06E+01,1.06E+01,2.11E+04,2.16E+07,1.26E+04,5.88E+01,0.00E+00,5.63E+00,2.26E+03,5.53E+01,9.35E+06,2.47E+06,6.91E+04,1.17E+02,3.27E+00,1.22E+02,8.90E+00,2.31E+01,1.98E+05
1.07E+01,0.00E+00,1.07E+01,1.07E+01,2.14E+04,2.19E+07,1.26E+04,5.88E+01,0.00E+00,5.68E+00,2.26E+03,5.53E+01,9.38E+06,2.48E+06,6.95E+04,1.16E+02,3.25E+00,1.22E+02,8.94E+00,2.32E+01,1.99E+05
1.08E+01,0.00E+00,1.08E+01,1.08E+01,2.16E+04,2.21E+07,1.26E+04,5.88E+01,0.00E+00,5.74E+00,2.26E+03,5.53E+01,9.40E+06,2.48E+06,6.97E+04,1.15E+02,3.23E+00,1.21E+02,8.96E+00,2.32E+01,2.00E+05
1.09E+01,0.00E+00,1.09E+01,1.09E+01,2.18E+04,2.24E+07,1.27E+04,5.87E+01,0.00E+00,5.79E+00,2.27E+03,5.53E+01,9.43E+06,2.50E+06,6.98E+04,1.14E+02,3.20E+00,1.20E+02,8.99E+00,2.32E+01,2.01E+05
1.10E+01,0.00E+00,1.10E+01,1.10E+01,2.21E+04,2.26E+07,1.27E+04,5.87E+01,0.00E+00,5.85E+00,2.27E+03,5.53E+01,9.46E+06,2.51E+06,7.00E+04,1.14E+02,3.17E+00,1.20E+02,9.02E+00,2.33E+01,2.02E+05
1.11E+01,0.00E+00,1.11E+01,1.11E+01,2.23E+04,2.28E+07,1.27E+04,5.87E+01,0.00E+00,5.90E+00,2.28E+03,5.53E+01,9.49E+06,2.52E+06,7.01E+04,1.13E+02,3.15E+00,1.19E+02,9.05E+00,2.33E+01,2.03E+05
1.12E+01,0.00E+00,1.12E+01,1.12E+01,2.25E+04,2.31E+07,1.27E+04,5.86E+01,0.00E+00,5.96E+00,2.28E+03,5.53E+01,9.49E+06,2.52E+06,7.01E+04,1.12E+02,3.11E+00,1.18E+02,9.07E+00,2.33E+01,2.03E+05
1.13E+01,0.00E+00,1.13E+01,1.13E+01,2.28E+04,2.33E+07,1.28E+04,5.86E+01,0.00E+00,6.01E+00,2.28E+03,5.53E+01,9.52E+06,2.54E+06,7.04E+04,1.12E+02,3.09E+00,1.18E+02,9.10E+00,2.34E+01,2.04E+05
1.14E+01,0.00E+00,1.14E+01,1.14E+01,2.30E+04,2.36E+07,1.28E+04,5.86E+01,0.00E+00,6.07E+00,2.28E+03,5.53E+01,9.52E+06,2.54E+06,7.04E+04,1.10E+02,3.06E+00,1.17E+02,9.13E+00,2.34E+01,2.05E+05
1.15E+01,0.00E+00,1.15E+01,1.15E+01,2.32E+04,2.38E+07,1.28E+04,5.85E+01,0.00E+00,6.12E+00,2.28E+03,5.54E+01,9.54E+06,2.55E+06,7.05E+04,1.10E+02,3.03E+00,1.16E+02,9.15E+00,2.34E+01,2.05E+05
1.16E+01,0.00E+00,1.16E+01,1.16E+01,2.35E+04,2.40E+07,1.29E+04,5.85E+01,0.00E+00,6.18E+00,2.16E+03,5.45E+01,8.89E+06,2.48E+06,5.97E+04,1.06E+02,2.54E+00,1.12E+02,8.72E+00,2.21E+01,1.99E+05
1.17E+01,0.00E+00,1.17E+01,1.17E+01,2.37E+04,2.43E+07,1.30E+04,5.85E+01,0.00E+00,6.23E+00,2.02E+03,5.28E+01,7.95E+06,2.35E+06,4.94E+04,9.90E+01,2.09E+00,1.05E+02,8.31E+00,2.06E+01,1.89E+05
1.18E+01,0.00E+00,1.18E+01,1.18E+01,2.39E+04,2.45E+07,1.32E+04,5.84E+01,0.00E+00,6.27E+00,1.71E+03,4.81E+01,5.97E+06,2.03E+06,3.54E+04,8.48E+01,1.48E+00,9.10E+01,7.75E+00,1.75E+01,1.63E+05
1.19E+01,0.00E+00,1.19E+01,1.19E+01,2.41E+04,2.46E+07,1.37E+04,5.83E+01,0.00E+00,6.31E+00,1.34E+03,4.10E+01,3.88E+06,1.63E+06,2.82E+04,6.76E+01,1.17E+00,7.39E+01,7.48E+00,1.37E+01,1.31E+05
1.20E+01,0.00E+00,1.20E+01,1.20E+01,2.42E+04,2.48E+07,1.41E+04,5.82E+01,0.00E+00,6.34E+00,9.19E+02,2.46E+01,1.27E+06,7.09E+05,2.72E+04,2.93E+01,1.12E+00,3.57E+01,7.46E+00,9.41E+00,5.71E+04
1.21E+01,0.00E+00,1.21E+01,1.21E+01,2.43E+04,2.49E+07,1.42E+04,5.81E+01,0.00E+00,6.36E+00,9.18E+02,2.47E+01,1.27E+06,7.08E+05,2.71E+04,2.92E+01,1.11E+00,3.55E+01,7.47E+00,9.40E+00,5.70E+04
1.22E+01,0.00E+00,1.22E+01,1.22E+01,2.44E+04,2.50E+07,1.42E+04,5.80E+01,0.00E+00,6.38E+00,8.92E+02,2.47E+01,1.27E+06,7.25E+05,2.46E+04,2.97E+01,1.01E+00,3.61E+01,7.39E+00,9.14E+00,5.83E+04
1.23E+01,0.00E+00,1.23E+01,1.23E+01,2.45E+04,2.51E+07,1.43E+04,5.78E+01,0.00E+00,6.41E+00,8.89E+02,2.47E+01,1.27E+06,7.25E+05,2.44E+04,2.96E+01,9.96E-01,3.60E+01,7.40E+00,9.11E+00,5.83E+04
1.24E+01,0.00E+00,1.24E+01,1.24E+01,2.46E+04,2.52E+07,1.43E+04,5.77E+01,0.00E+00,6.43E+00,8.92E+02,2.50E+01,1.31E+06,7.49E+05,2.44E+04,3.05E+01,9.94E-01,3.69E+01,7.42E+00,9.14E+00,6.03E+04
1.25E+01,0.00E+00,1.25E+01,1.25E+01,2.47E+04,2.52E+07,1.43E+04,5.76E+01,0.00E+00,6.45E+00,8.94E+02,2.52E+01,1.33E+06,7.66E+05,2.44E+04,3.11E+01,9.90E-01,3.75E+01,7.44E+00,9.16E+00,6.17E+04
1.26E+01,0.00E+00,1.26E+01,1.26E+01,2.47E+04,2.53E+07,1.43E+04,5.75E+01,0.00E+00,6.47E+00,8.94E+02,2.52E+01,1.33E+06,7.67E+05,2.44E+04,3.10E+01,9.85E-01,3.75E+01,7.46E+00,9.16E+00,6.18E+04
1.27E+01,0.00E+00,1.27E+01,1.27E+01,2.48E+04,2.54E+07,1.43E+04,5.74E+01,0.00E+00,6.50E+00,8.62E+02,2.51E+01,1.31E+06,7.67E+05,2.20E+04,3.09E+01,8.87E-01,3.74E+01,7.38E+00,8.83E+00,6.17E+04
1.28E+01,0.00E+00,1.28E+01,1.28E+01,2.49E+04,2.55E+07,1.43E+04,5.72E+01,0.00E+00,6.52E+00,8.62E+02,2.51E+01,1.31E+06,7.67E+05,2.20E+04,3.08E+01,8.82E-01,3.73E+01,7.40E+00,8.82E+00,6.17E+04
1.29E+01,0.00E+00,1.29E+01,1.29E+01,2.50E+04,2.56E+07,1.43E+04,5.71E+01,0.00E+00,6.55E+00,8.62E+02,2.51E+01,1.31E+06,7.67E+05,2.20E+04,3.06E+01,8.79E-01,3.72E+01,7.42E+00,8.82E+00,6.17E+04
1.30E+01,0.00E+00,1.30E+01,1.30E+01,2.51E+04,2.57E+07,1.44E+04,5.70E+01,0.00E+00,6.57E+00,8.34E+02,2.53E+01,1.32E+06,7.84E+05,2.04E+04,3.12E+01,8.12E-01,3.78E+01,7.38E+00,8.54E+00,6.31E+04
1.31E+01,0.00E+00,1.31E+01,1.31E+01,2.52E+04,2.58E+07,1.44E+04,5.69E+01,0.00E+00,6.59E+00,8.31E+02,2.54E+01,1.32E+06,7.88E+05,2.01E+04,3.13E+01,7.97E-01,3.79E+01,7.39E+00,8.51E+00,6.35E+04
1.32E+01,0.00E+00,1.32E+01,1.32E+01,2.53E+04,2.59E+07,1.44E+04,5.68E+01,0.00E+00,6.61E+00,8.29E+02,2.56E+01,1.35E+06,8.03E+05,1.99E+04,3.18E+01,7.85E-01,3.84E+01,7.40E+00,8.49E+00,6.47E+04
1.33E+01,0.00E+00,1.33E+01,1.33E+01,2.54E+04,2.60E+07,1.44E+04,5.67E+01,0.00E+00,6.64E+00,7.96E+02,2.56E+01,1.33E+06,8.02E+05,1.84E+04,3.16E+01,7.24E-01,3.83E+01,7.36E+00,8.15E+00,6.46E+04
1.34E+01,0.00E+00,1.34E+01,1.34E+01,2.55E+04,2.61E+07,1.44E+04,5.66E+01,0.00E+00,6.66E+00,7.93E+02,2.57E+01,1.32E+06,8.02E+05,1.82E+04,3.15E+01,7.15E-01,3.82E+01,7.38E+00,8.12E+00,6.46E+04
1.35E+01,0.00E+00,1.35E+01,1.35E+01,2.55E+04,2.62E+07,1.45E+04,5.65E+01,0.00E+00,6.68E+00,7.52E+02,2.56E+01,1.28E+06,7.87E+05,1.66E+04,3.08E+01,6.51E-01,3.75E+01,7.33E+00,7.70E+00,6.34E+04
1.36E+01,0.00E+00,1.36E+01,1.36E+01,2.56E+04,2.62E+07,1.45E+04,5.64E+01,0.00E+00,6.70E+00,7.46E+02,2.55E+01,1.26E+06,7.74E+05,1.63E+04,3.02E+01,6.37E-01,3.69E+01,7.34E+00,7.64E+00,6.23E+04
1.37E+01,0.00E+00,1.37E+01,1.37E+01,2.57E+04,2.63E+07,1.45E+04,5.63E+01,0.00E+00,6.73E+00,7.10E+02,2.57E+01,1.25E+06,7.83E+05,1.54E+04,3.05E+01,6.00E-01,3.72E+01,7.32E+00,7.27E+00,6.31E+04
1.38E+01,0.00E+00,1.38E+01,1.38E+01,2.58E+04,2.64E+07,1.45E+04,5.62E+01,0.00E+00,6.75E+00,6.98E+02,2.59E+01,1.26E+06,7.87E+05,1.48E+04,3.05E+01,5.72E-01,3.73E+01,7.32E+00,7.15E+00,6.33E+04
1.39E+01,0.00E+00,1.39E+01,1.39E+01,2.58E+04,2.65E+07,1.46E+04,5.61E+01,0.00E+00,6.76E+00,6.40E+02,2.59E+01,1.17E+06,7.46E+05,1.29E+04,2.89E+01,4.99E-01,3.56E+01,7.26E+00,6.55E+00,6.00E+04
1.40E+01,0.00E+00,1.40E+01,1.40E+01,2.59E+04,2.65E+07,1.46E+04,5.61E+01,0.00E+00,6.78E+00,5.77E+02,2.60E+01,1.10E+06,7.09E+05,1.12E+04,2.74E+01,4.34E-01,3.41E+01,7.22E+00,5.91E+00,5.71E+04



Hull Hydrostatics:,
110
1.000E-01,0.000E+00,1.000E-01,1.000E-01,1.130E+02,1.157E+05,9.557E+03,5.996E+01,0.000E+00,5.981E-02,1.228E+03,6.045E+01,5.111E+06,6.257E+05,2.385E+04,5.535E+03,2.110E+02,5.535E+03,2.110E+02,1.257E+01,5.037E+04,
2.000E-01,0.000E+00,2.000E-01,2.000E-01,2.553E+02,2.614E+05,9.673E+03,6.014E+01,0.000E+00,1.154E-01,1.340E+03,6.035E+01,5.603E+06,7.223E+05,2.887E+04,2.830E+03,1.131E+02,2.830E+03,1.132E+02,1.372E+01,5.815E+04,
3.000E-01,0.000E+00,3.000E-01,3.000E-01,4.049E+02,4.146E+05,9.723E+03,6.035E+01,0.000E+00,1.694E-01,1.425E+03,6.016E+01,5.990E+06,8.327E+05,3.148E+04,2.057E+03,7.775E+01,2.057E+03,7.791E+01,1.459E+01,6.704E+04,
4.000E-01,0.000E+00,4.000E-01,4.000E-01,5.584E+02,5.718E+05,9.761E+03,6.059E+01,0.000E+00,2.229E-01,1.363E+03,6.263E+01,6.120E+06,7.729E+05,2.857E+04,1.384E+03,5.117E+01,1.384E+03,5.139E+01,1.396E+01,6.222E+04,
5.000E-01,0.000E+00,5.000E-01,5.000E-01,7.146E+02,7.318E+05,9.798E+03,6.082E+01,0.000E+00,2.761E-01,1.417E+03,6.225E+01,6.335E+06,8.446E+05,3.060E+04,1.182E+03,4.282E+01,1.182E+03,4.309E+01,1.451E+01,6.800E+04,
6.000E-01,0.000E+00,6.000E-01,6.000E-01,8.732E+02,8.941E+05,9.835E+03,6.102E+01,0.000E+00,3.290E-01,1.444E+03,6.222E+01,6.480E+06,8.896E+05,3.142E+04,1.019E+03,3.598E+01,1.019E+03,3.631E+01,1.479E+01,7.162E+04,
7.000E-01,0.000E+00,7.000E-01,7.000E-01,1.034E+03,1.059E+06,9.871E+03,6.116E+01,0.000E+00,3.815E-01,1.554E+03,6.063E+01,6.728E+06,1.014E+06,3.719E+04,9.807E+02,3.597E+01,9.810E+02,3.635E+01,1.592E+01,8.163E+04,
8.000E-01,0.000E+00,8.000E-01,8.000E-01,1.197E+03,1.226E+06,9.904E+03,6.126E+01,0.000E+00,4.332E-01,1.561E+03,6.058E+01,6.754E+06,1.025E+06,3.736E+04,8.564E+02,3.121E+01,8.569E+02,3.164E+01,1.599E+01,8.254E+04,
9.000E-01,0.000E+00,9.000E-01,9.000E-01,1.363E+03,1.395E+06,9.935E+03,6.132E+01,0.000E+00,4.845E-01,1.507E+03,6.257E+01,6.843E+06,9.411E+05,3.496E+04,6.906E+02,2.565E+01,6.911E+02,2.614E+01,1.544E+01,7.576E+04,
1.000E+00,0.000E+00,1.000E+00,1.000E+00,1.530E+03,1.567E+06,9.966E+03,6.136E+01,0.000E+00,5.356E-01,1.530E+03,6.263E+01,6.975E+06,9.725E+05,3.604E+04,6.355E+02,2.355E+01,6.360E+02,2.409E+01,1.567E+01,7.829E+04,
1.100E+00,0.000E+00,1.100E+00,1.100E+00,1.700E+03,1.741E+06,9.998E+03,6.139E+01,0.000E+00,5.866E-01,1.568E+03,6.225E+01,7.077E+06,1.002E+06,3.887E+04,5.894E+02,2.287E+01,5.900E+02,2.345E+01,1.606E+01,8.065E+04,
1.200E+00,0.000E+00,1.200E+00,1.200E+00,1.871E+03,1.916E+06,1.003E+04,6.140E+01,0.000E+00,6.377E-01,1.601E+03,6.171E+01,7.140E+06,1.045E+06,4.058E+04,5.584E+02,2.169E+01,5.590E+02,2.232E+01,1.639E+01,8.410E+04,
1.300E+00,0.000E+00,1.300E+00,1.300E+00,2.044E+03,2.093E+06,1.007E+04,6.141E+01,0.000E+00,6.888E-01,1.607E+03,6.162E+01,7.154E+06,1.052E+06,4.087E+04,5.148E+02,2.000E+01,5.155E+02,2.069E+01,1.646E+01,8.471E+04,
1.400E+00,0.000E+00,1.400E+00,1.400E+00,2.219E+03,2.272E+06,1.010E+04,6.141E+01,0.000E+00,7.400E-01,1.710E+03,6.009E+01,7.348E+06,1.174E+06,4.755E+04,5.290E+02,2.143E+01,5.297E+02,2.217E+01,1.751E+01,9.448E+04,
1.500E+00,0.000E+00,1.500E+00,1.500E+00,2.395E+03,2.452E+06,1.014E+04,6.140E+01,0.000E+00,7.914E-01,1.720E+03,6.001E+01,7.385E+06,1.190E+06,4.797E+04,4.969E+02,2.003E+01,4.977E+02,2.082E+01,1.762E+01,9.580E+04,
1.600E+00,0.000E+00,1.600E+00,1.600E+00,2.572E+03,2.634E+06,1.017E+04,6.139E+01,0.000E+00,8.428E-01,1.730E+03,6.011E+01,7.454E+06,1.202E+06,4.844E+04,4.675E+02,1.883E+01,4.683E+02,1.967E+01,1.771E+01,9.680E+04,
1.700E+00,0.000E+00,1.700E+00,1.700E+00,2.751E+03,2.817E+06,1.021E+04,6.138E+01,0.000E+00,8.943E-01,1.737E+03,6.012E+01,7.489E+06,1.213E+06,4.868E+04,4.410E+02,1.770E+01,4.419E+02,1.859E+01,1.778E+01,9.767E+04,
1.800E+00,0.000E+00,1.800E+00,1.800E+00,2.931E+03,3.002E+06,1.024E+04,6.137E+01,0.000E+00,9.459E-01,1.747E+03,6.026E+01,7.576E+06,1.233E+06,4.906E+04,4.206E+02,1.673E+01,4.215E+02,1.768E+01,1.789E+01,9.926E+04,
1.900E+00,0.000E+00,1.900E+00,1.900E+00,3.113E+03,3.188E+06,1.027E+04,6.136E+01,0.000E+00,9.976E-01,1.670E+03,6.190E+01,7.556E+06,1.157E+06,4.305E+04,3.717E+02,1.383E+01,3.727E+02,1.483E+01,1.710E+01,9.316E+04,
2.000E+00,0.000E+00,2.000E+00,2.000E+00,3.296E+03,3.375E+06,1.030E+04,6.134E+01,0.000E+00,1.049E+00,1.686E+03,6.207E+01,7.671E+06,1.174E+06,4.409E+04,3.562E+02,1.338E+01,3.572E+02,1.443E+01,1.727E+01,9.450E+04,
2.100E+00,0.000E+00,2.100E+00,2.100E+00,3.479E+03,3.563E+06,1.033E+04,6.133E+01,0.000E+00,1.101E+00,1.697E+03,6.225E+01,7.759E+06,1.184E+06,4.486E+04,3.402E+02,1.289E+01,3.413E+02,1.399E+01,1.738E+01,9.529E+04,
2.200E+00,0.000E+00,2.200E+00,2.200E+00,3.664E+03,3.752E+06,1.035E+04,6.132E+01,0.000E+00,1.153E+00,1.730E+03,6.157E+01,7.790E+06,1.230E+06,4.701E+04,3.357E+02,1.283E+01,3.369E+02,1.398E+01,1.772E+01,9.903E+04,
2.300E+00,0.000E+00,2.300E+00,2.300E+00,3.849E+03,3.942E+06,1.038E+04,6.130E+01,0.000E+00,1.205E+00,1.733E+03,6.150E+01,7.791E+06,1.236E+06,4.706E+04,3.210E+02,1.223E+01,3.222E+02,1.343E+01,1.775E+01,9.948E+04,
2.400E+00,0.000E+00,2.400E+00,2.400E+00,4.036E+03,4.133E+06,1.040E+04,6.129E+01,0.000E+00,1.256E+00,1.740E+03,6.149E+01,7.829E+06,1.248E+06,4.741E+04,3.091E+02,1.175E+01,3.104E+02,1.300E+01,1.782E+01,1.004E+05,
2.500E+00,0.000E+00,2.500E+00,2.500E+00,4.223E+03,4.324E+06,1.043E+04,6.128E+01,0.000E+00,1.308E+00,1.750E+03,6.172E+01,7.933E+06,1.266E+06,4.775E+04,2.997E+02,1.131E+01,3.010E+02,1.262E+01,1.792E+01,1.019E+05,
2.600E+00,0.000E+00,2.600E+00,2.600E+00,4.411E+03,4.516E+06,1.046E+04,6.127E+01,0.000E+00,1.360E+00,1.756E+03,6.165E+01,7.952E+06,1.277E+06,4.794E+04,2.896E+02,1.087E+01,2.910E+02,1.223E+01,1.798E+01,1.028E+05,
2.700E+00,0.000E+00,2.700E+00,2.700E+00,4.599E+03,4.709E+06,1.048E+04,6.126E+01,0.000E+00,1.412E+00,1.765E+03,6.165E+01,8.002E+06,1.296E+06,4.821E+04,2.817E+02,1.048E+01,2.832E+02,1.189E+01,1.807E+01,1.043E+05,
2.800E+00,0.000E+00,2.800E+00,2.800E+00,4.788E+03,4.902E+06,1.051E+04,6.125E+01,0.000E+00,1.464E+00,1.855E+03,6.011E+01,8.096E+06,1.393E+06,5.603E+04,2.909E+02,1.170E+01,2.924E+02,1.317E+01,1.900E+01,1.121E+05,
2.900E+00,0.000E+00,2.900E+00,2.900E+00,4.977E+03,5.096E+06,1.053E+04,6.125E+01,0.000E+00,1.516E+00,1.859E+03,6.011E+01,8.116E+06,1.400E+06,5.614E+04,2.813E+02,1.128E+01,2.828E+02,1.280E+01,1.903E+01,1.127E+05,
3.000E+00,0.000E+00,3.000E+00,3.000E+00,5.166E+03,5.290E+06,1.056E+04,6.124E+01,0.000E+00,1.568E+00,1.862E+03,6.011E+01,8.135E+06,1.407E+06,5.622E+04,2.724E+02,1.088E+01,2.740E+02,1.245E+01,1.907E+01,1.133E+05,
3.100E+00,0.000E+00,3.100E+00,3.100E+00,5.356E+03,5.485E+06,1.058E+04,6.124E+01,0.000E+00,1.620E+00,1.868E+03,5.998E+01,8.137E+06,1.418E+06,5.648E+04,2.647E+02,1.054E+01,2.663E+02,1.216E+01,1.913E+01,1.141E+05,
3.200E+00,0.000E+00,3.200E+00,3.200E+00,5.547E+03,5.680E+06,1.061E+04,6.123E+01,0.000E+00,1.672E+00,1.874E+03,6.002E+01,8.179E+06,1.429E+06,5.671E+04,2.576E+02,1.022E+01,2.593E+02,1.190E+01,1.919E+01,1.150E+05,
3.300E+00,0.000E+00,3.300E+00,3.300E+00,5.737E+03,5.875E+06,1.063E+04,6.123E+01,0.000E+00,1.724E+00,1.877E+03,5.998E+01,8.185E+06,1.433E+06,5.683E+04,2.498E+02,9.905E+00,2.516E+02,1.163E+01,1.922E+01,1.154E+05,
3.400E+00,0.000E+00,3.400E+00,3.400E+00,5.928E+03,6.070E+06,1.066E+04,6.123E+01,0.000E+00,1.776E+00,1.882E+03,6.002E+01,8.223E+06,1.444E+06,5.699E+04,2.437E+02,9.614E+00,2.455E+02,1.139E+01,1.927E+01,1.163E+05,
3.500E+00,0.000E+00,3.500E+00,3.500E+00,6.119E+03,6.266E+06,1.068E+04,6.123E+01,0.000E+00,1.828E+00,1.890E+03,6.004E+01,8.274E+06,1.461E+06,5.730E+04,2.388E+02,9.364E+00,2.406E+02,1.119E+01,1.936E+01,1.176E+05,
3.600E+00,0.000E+00,3.600E+00,3.600E+00,6.310E+03,6.461E+06,1.071E+04,6.123E+01,0.000E+00,1.880E+00,1.892E+03,6.001E+01,8.275E+06,1.462E+06,5.741E+04,2.317E+02,9.099E+00,2.336E+02,1.098E+01,1.937E+01,1.177E+05,
3.700E+00,0.000E+00,3.700E+00,3.700E+00,6.501E+03,6.657E+06,1.073E+04,6.123E+01,0.000E+00,1.932E+00,1.805E+03,6.162E+01,8.220E+06,1.369E+06,4.954E+04,2.105E+02,7.620E+00,2.125E+02,9.552E+00,1.848E+01,1.102E+05,
3.800E+00,0.000E+00,3.800E+00,3.800E+00,6.693E+03,6.854E+06,1.076E+04,6.123E+01,0.000E+00,1.985E+00,1.808E+03,6.153E+01,8.221E+06,1.376E+06,4.964E+04,2.056E+02,7.417E+00,2.076E+02,9.401E+00,1.851E+01,1.108E+05,
3.900E+00,0.000E+00,3.900E+00,3.900E+00,6.885E+03,7.050E+06,1.078E+04,6.123E+01,0.000E+00,2.037E+00,1.814E+03,6.138E+01,8.222E+06,1.389E+06,4.984E+04,2.018E+02,7.239E+00,2.038E+02,9.275E+00,1.857E+01,1.118E+05,
4.000E+00,0.000E+00,4.000E+00,4.000E+00,7.077E+03,7.247E+06,1.081E+04,6.123E+01,0.000E+00,2.089E+00,1.818E+03,6.128E+01,8.223E+06,1.397E+06,5.001E+04,1.974E+02,7.067E+00,1.994E+02,9.155E+00,1.861E+01,1.124E+05,
4.100E+00,0.000E+00,4.100E+00,4.100E+00,7.270E+03,7.444E+06,1.083E+04,6.123E+01,0.000E+00,2.141E+00,1.826E+03,6.147E+01,8.313E+06,1.413E+06,5.034E+04,1.943E+02,6.924E+00,1.965E+02,9.065E+00,1.870E+01,1.137E+05,
4.200E+00,0.000E+00,4.200E+00,4.200E+00,7.463E+03,7.642E+06,1.086E+04,6.123E+01,0.000E+00,2.193E+00,1.831E+03,6.144E+01,8.333E+06,1.423E+06,5.051E+04,1.907E+02,6.768E+00,1.929E+02,8.962E+00,1.874E+01,1.145E+05,
4.300E+00,0.000E+00,4.300E+00,4.300E+00,7.656E+03,7.840E+06,1.088E+04,6.123E+01,0.000E+00,2.246E+00,1.834E+03,6.135E+01,8.333E+06,1.430E+06,5.061E+04,1.868E+02,6.611E+00,1.891E+02,8.857E+00,1.878E+01,1.152E+05,
4.400E+00,0.000E+00,4.400E+00,4.400E+00,7.849E+03,8.038E+06,1.091E+04,6.123E+01,0.000E+00,2.298E+00,1.838E+03,6.135E+01,8.359E+06,1.441E+06,5.068E+04,1.836E+02,6.457E+00,1.858E+02,8.755E+00,1.882E+01,1.160E+05,
4.500E+00,0.000E+00,4.500E+00,4.500E+00,8.043E+03,8.236E+06,1.093E+04,6.123E+01,0.000E+00,2.350E+00,1.845E+03,6.119E+01,8.361E+06,1.454E+06,5.100E+04,1.808E+02,6.341E+00,1.831E+02,8.691E+00,1.889E+01,1.170E+05,
4.600E+00,0.000E+00,4.600E+00,4.600E+00,8.238E+03,8.435E+06,1.096E+04,6.123E+01,0.000E+00,2.403E+00,1.849E+03,6.118E+01,8.383E+06,1.463E+06,5.110E+04,1.776E+02,6.203E+00,1.800E+02,8.606E+00,1.893E+01,1.178E+05,
4.700E+00,0.000E+00,4.700E+00,4.700E+00,8.432E+03,8.635E+06,1.098E+04,6.122E+01,0.000E+00,2.455E+00,1.878E+03,6.066E+01,8.405E+06,1.493E+06,5.362E+04,1.771E+02,6.359E+00,1.795E+02,8.814E+00,1.923E+01,1.202E+05,
4.800E+00,0.000E+00,4.800E+00,4.800E+00,8.628E+03,8.835E+06,1.101E+04,6.122E+01,0.000E+00,2.507E+00,1.882E+03,6.066E+01,8.425E+06,1.500E+06,5.380E+04,1.739E+02,6.236E+00,1.764E+02,8.743E+00,1.927E+01,1.208E+05,
4.900E+00,0.000E+00,4.900E+00,4.900E+00,8.823E+03,9.035E+06,1.103E+04,6.121E+01,0.000E+00,2.560E+00,1.890E+03,6.053E+01,8.442E+06,1.517E+06,5.407E+04,1.720E+02,6.128E+00,1.745E+02,8.688E+00,1.935E+01,1.222E+05,
5.000E+00,0.000E+00,5.000E+00,5.000E+00,9.020E+03,9.236E+06,1.106E+04,6.120E+01,0.000E+00,2.612E+00,1.896E+03,6.049E+01,8.465E+06,1.528E+06,5.444E+04,1.694E+02,6.035E+00,1.720E+02,8.648E+00,1.941E+01,1.230E+05,
5.100E+00,0.000E+00,5.100E+00,5.100E+00,9.217E+03,9.438E+06,1.108E+04,6.119E+01,0.000E+00,2.665E+00,1.902E+03,6.044E+01,8.489E+06,1.542E+06,5.460E+04,1.673E+02,5.924E+00,1.700E+02,8.589E+00,1.948E+01,1.242E+05,
5.200E+00,0.000E+00,5.200E+00,5.200E+00,9.415E+03,9.641E+06,1.111E+04,6.117E+01,0.000E+00,2.718E+00,1.905E+03,6.027E+01,8.465E+06,1.545E+06,5.489E+04,1.641E+02,5.830E+00,1.668E+02,8.548E+00,1.951E+01,1.244E+05,
5.300E+00,0.000E+00,5.300E+00,5.300E+00,9.613E+03,9.844E+06,1.114E+04,6.116E+01,0.000E+00,2.770E+00,1.911E+03,6.011E+01,8.465E+06,1.562E+06,5.496E+04,1.624E+02,5.717E+00,1.652E+02,8.487E+00,1.957E+01,1.257E+05,
5.400E+00,0.000E+00,5.400E+00,5.400E+00,9.812E+03,1.005E+07,1.116E+04,6.114E+01,0.000E+00,2.823E+00,1.918E+03,6.009E+01,8.497E+06,1.574E+06,5.537E+04,1.604E+02,5.643E+00,1.632E+02,8.466E+00,1.964E+01,1.267E+05,
5.500E+00,0.000E+00,5.500E+00,5.500E+00,1.001E+04,1.025E+07,1.119E+04,6.112E+01,0.000E+00,2.875E+00,1.925E+03,5.995E+01,8.503E+06,1.586E+06,5.574E+04,1.584E+02,5.567E+00,1.613E+02,8.443E+00,1.971E+01,1.277E+05,
5.600E+00,0.000E+00,5.600E+00,5.600E+00,1.021E+04,1.046E+07,1.121E+04,6.110E+01,0.000E+00,2.928E+00,1.927E+03,5.990E+01,8.504E+06,1.589E+06,5.592E+04,1.556E+02,5.476E+00,1.586E+02,8.404E+00,1.973E+01,1.280E+05,
5.700E+00,0.000E+00,5.700E+00,5.700E+00,1.041E+04,1.066E+07,1.124E+04,6.108E+01,0.000E+00,2.981E+00,1.937E+03,5.963E+01,8.505E+06,1.616E+06,5.615E+04,1.552E+02,5.392E+00,1.582E+02,8.373E+00,1.984E+01,1.301E+05,
5.800E+00,0.000E+00,5.800E+00,5.800E+00,1.062E+04,1.087E+07,1.127E+04,6.105E+01,0.000E+00,3.034E+00,1.940E+03,5.958E+01,8.506E+06,1.621E+06,5.634E+04,1.527E+02,5.307E+00,1.557E+02,8.341E+00,1.986E+01,1.305E+05,
5.900E+00,0.000E+00,5.900E+00,5.900E+00,1.082E+04,1.108E+07,1.130E+04,6.103E+01,0.000E+00,3.086E+00,1.944E+03,5.946E+01,8.498E+06,1.627E+06,5.661E+04,1.504E+02,5.233E+00,1.535E+02,8.319E+00,1.990E+01,1.310E+05,
6.000E+00,0.000E+00,6.000E+00,6.000E+00,1.102E+04,1.129E+07,1.132E+04,6.100E+01,0.000E+00,3.139E+00,1.951E+03,5.933E+01,8.510E+06,1.642E+06,5.704E+04,1.489E+02,5.175E+00,1.521E+02,8.315E+00,1.998E+01,1.322E+05,
6.100E+00,0.000E+00,6.100E+00,6.100E+00,1.123E+04,1.149E+07,1.135E+04,6.097E+01,0.000E+00,3.192E+00,1.962E+03,5.906E+01,8.511E+06,1.669E+06,5.728E+04,1.486E+02,5.103E+00,1.518E+02,8.295E+00,2.009E+01,1.343E+05,
6.200E+00,0.000E+00,6.200E+00,6.200E+00,1.143E+04,1.170E+07,1.138E+04,6.093E+01,0.000E+00,3.245E+00,1.966E+03,5.895E+01,8.511E+06,1.680E+06,5.737E+04,1.470E+02,5.019E+00,1.503E+02,8.264E+00,2.013E+01,1.353E+05,
6.300E+00,0.000E+00,6.300E+00,6.300E+00,1.164E+04,1.191E+07,1.141E+04,6.090E+01,0.000E+00,3.298E+00,1.974E+03,5.864E+01,8.487E+06,1.701E+06,5.756E+04,1.462E+02,4.947E+00,1.495E+02,8.245E+00,2.021E+01,1.369E+05,
6.400E+00,0.000E+00,6.400E+00,6.400E+00,1.184E+04,1.213E+07,1.144E+04,6.086E+01,0.000E+00,3.351E+00,1.984E+03,5.852E+01,8.515E+06,1.723E+06,5.805E+04,1.455E+02,4.902E+00,1.488E+02,8.254E+00,2.031E+01,1.387E+05,
6.500E+00,0.000E+00,6.500E+00,6.500E+00,1.205E+04,1.234E+07,1.147E+04,6.082E+01,0.000E+00,3.405E+00,1.994E+03,5.847E+01,8.568E+06,1.749E+06,5.840E+04,1.452E+02,4.847E+00,1.486E+02,8.252E+00,2.042E+01,1.408E+05,
6.600E+00,0.000E+00,6.600E+00,6.600E+00,1.226E+04,1.255E+07,1.150E+04,6.078E+01,0.000E+00,3.458E+00,2.003E+03,5.827E+01,8.574E+06,1.772E+06,5.870E+04,1.446E+02,4.789E+00,1.480E+02,8.247E+00,2.051E+01,1.426E+05,
6.700E+00,0.000E+00,6.700E+00,6.700E+00,1.247E+04,1.277E+07,1.153E+04,6.073E+01,0.000E+00,3.511E+00,2.012E+03,5.811E+01,8.591E+06,1.798E+06,5.887E+04,1.442E+02,4.722E+00,1.477E+02,8.233E+00,2.060E+01,1.447E+05,
6.800E+00,0.000E+00,6.800E+00,6.800E+00,1.268E+04,1.298E+07,1.156E+04,6.068E+01,0.000E+00,3.565E+00,2.017E+03,5.797E+01,8.587E+06,1.809E+06,5.906E+04,1.427E+02,4.659E+00,1.463E+02,8.224E+00,2.065E+01,1.456E+05,
6.900E+00,0.000E+00,6.900E+00,6.900E+00,1.289E+04,1.320E+07,1.159E+04,6.063E+01,0.000E+00,3.618E+00,2.022E+03,5.781E+01,8.582E+06,1.824E+06,5.926E+04,1.415E+02,4.598E+00,1.451E+02,8.216E+00,2.071E+01,1.468E+05,
7.000E+00,0.000E+00,7.000E+00,7.000E+00,1.310E+04,1.341E+07,1.162E+04,6.058E+01,0.000E+00,3.671E+00,2.033E+03,5.755E+01,8.583E+06,1.852E+06,5.958E+04,1.413E+02,4.548E+00,1.450E+02,8.219E+00,2.081E+01,1.491E+05,
7.100E+00,0.000E+00,7.100E+00,7.100E+00,1.331E+04,1.363E+07,1.164E+04,6.053E+01,0.000E+00,3.725E+00,2.041E+03,5.733E+01,8.583E+06,1.875E+06,5.978E+04,1.408E+02,4.491E+00,1.446E+02,8.216E+00,2.090E+01,1.509E+05,
7.200E+00,0.000E+00,7.200E+00,7.200E+00,1.353E+04,1.385E+07,1.167E+04,6.048E+01,0.000E+00,3.779E+00,2.050E+03,5.718E+01,8.601E+06,1.899E+06,6.004E+04,1.404E+02,4.439E+00,1.442E+02,8.218E+00,2.099E+01,1.529E+05,
7.300E+00,0.000E+00,7.300E+00,7.300E+00,1.374E+04,1.407E+07,1.170E+04,6.043E+01,0.000E+00,3.832E+00,2.057E+03,5.702E+01,8.601E+06,1.916E+06,6.031E+04,1.394E+02,4.390E+00,1.433E+02,8.222E+00,2.106E+01,1.542E+05,
7.400E+00,0.000E+00,7.400E+00,7.400E+00,1.395E+04,1.429E+07,1.173E+04,6.037E+01,0.000E+00,3.886E+00,2.062E+03,5.688E+01,8.602E+06,1.932E+06,6.038E+04,1.385E+02,4.327E+00,1.423E+02,8.213E+00,2.111E+01,1.555E+05,
7.500E+00,0.000E+00,7.500E+00,7.500E+00,1.417E+04,1.451E+07,1.176E+04,6.032E+01,0.000E+00,3.940E+00,2.066E+03,5.679E+01,8.603E+06,1.940E+06,6.065E+04,1.369E+02,4.280E+00,1.408E+02,8.220E+00,2.115E+01,1.562E+05,
7.600E+00,0.000E+00,7.600E+00,7.600E+00,1.439E+04,1.473E+07,1.179E+04,6.026E+01,0.000E+00,3.994E+00,2.078E+03,5.667E+01,8.646E+06,1.972E+06,6.111E+04,1.371E+02,4.248E+00,1.411E+02,8.242E+00,2.128E+01,1.588E+05,
7.700E+00,0.000E+00,7.700E+00,7.700E+00,1.460E+04,1.495E+07,1.181E+04,6.021E+01,0.000E+00,4.048E+00,2.084E+03,5.652E+01,8.646E+06,1.989E+06,6.124E+04,1.362E+02,4.194E+00,1.403E+02,8.242E+00,2.134E+01,1.601E+05,
7.800E+00,0.000E+00,7.800E+00,7.800E+00,1.482E+04,1.518E+07,1.184E+04,6.015E+01,0.000E+00,4.102E+00,2.096E+03,5.650E+01,8.712E+06,2.020E+06,6.178E+04,1.363E+02,4.169E+00,1.404E+02,8.270E+00,2.146E+01,1.626E+05,
7.900E+00,0.000E+00,7.900E+00,7.900E+00,1.504E+04,1.540E+07,1.187E+04,6.010E+01,0.000E+00,4.156E+00,2.101E+03,5.638E+01,8.712E+06,2.033E+06,6.206E+04,1.352E+02,4.127E+00,1.393E+02,8.282E+00,2.152E+01,1.636E+05,
8.000E+00,0.000E+00,8.000E+00,8.000E+00,1.526E+04,1.562E+07,1.190E+04,6.004E+01,0.000E+00,4.210E+00,2.109E+03,5.619E+01,8.713E+06,2.054E+06,6.239E+04,1.346E+02,4.089E+00,1.389E+02,8.299E+00,2.160E+01,1.654E+05,
8.100E+00,0.000E+00,8.100E+00,8.100E+00,1.548E+04,1.585E+07,1.192E+04,5.998E+01,0.000E+00,4.264E+00,2.112E+03,5.622E+01,8.738E+06,2.062E+06,6.248E+04,1.332E+02,4.037E+00,1.375E+02,8.301E+00,2.163E+01,1.660E+05,
8.200E+00,0.000E+00,8.200E+00,8.200E+00,1.570E+04,1.607E+07,1.195E+04,5.993E+01,0.000E+00,4.318E+00,2.118E+03,5.616E+01,8.757E+06,2.077E+06,6.269E+04,1.324E+02,3.994E+00,1.367E+02,8.312E+00,2.169E+01,1.673E+05,
8.300E+00,0.000E+00,8.300E+00,8.300E+00,1.592E+04,1.630E+07,1.198E+04,5.988E+01,0.000E+00,4.372E+00,2.124E+03,5.603E+01,8.763E+06,2.095E+06,6.291E+04,1.316E+02,3.953E+00,1.360E+02,8.325E+00,2.175E+01,1.687E+05,
8.400E+00,0.000E+00,8.400E+00,8.400E+00,1.614E+04,1.652E+07,1.200E+04,5.982E+01,0.000E+00,4.426E+00,2.128E+03,5.593E+01,8.764E+06,2.106E+06,6.311E+04,1.305E+02,3.911E+00,1.349E+02,8.337E+00,2.179E+01,1.696E+05,
8.500E+00,0.000E+00,8.500E+00,8.500E+00,1.636E+04,1.675E+07,1.203E+04,5.977E+01,0.000E+00,4.480E+00,2.138E+03,5.573E+01,8.770E+06,2.131E+06,6.352E+04,1.302E+02,3.883E+00,1.347E+02,8.364E+00,2.189E+01,1.715E+05,
8.600E+00,0.000E+00,8.600E+00,8.600E+00,1.658E+04,1.698E+07,1.206E+04,5.972E+01,0.000E+00,4.535E+00,2.146E+03,5.579E+01,8.835E+06,2.156E+06,6.372E+04,1.300E+02,3.843E+00,1.345E+02,8.378E+00,2.197E+01,1.735E+05,
8.700E+00,0.000E+00,8.700E+00,8.700E+00,1.680E+04,1.721E+07,1.208E+04,5.967E+01,0.000E+00,4.589E+00,2.150E+03,5.575E+01,8.848E+06,2.166E+06,6.402E+04,1.289E+02,3.810E+00,1.335E+02,8.399E+00,2.202E+01,1.744E+05,
8.800E+00,0.000E+00,8.800E+00,8.800E+00,1.703E+04,1.743E+07,1.211E+04,5.961E+01,0.000E+00,4.643E+00,2.156E+03,5.571E+01,8.872E+06,2.180E+06,6.434E+04,1.281E+02,3.779E+00,1.327E+02,8.422E+00,2.208E+01,1.755E+05,
8.900E+00,0.000E+00,8.900E+00,8.900E+00,1.725E+04,1.766E+07,1.214E+04,5.956E+01,0.000E+00,4.698E+00,2.161E+03,5.559E+01,8.872E+06,2.194E+06,6.454E+04,1.272E+02,3.741E+00,1.319E+02,8.439E+00,2.213E+01,1.766E+05,
9.000E+00,0.000E+00,9.000E+00,9.000E+00,1.747E+04,1.789E+07,1.216E+04,5.952E+01,0.000E+00,4.752E+00,2.169E+03,5.560E+01,8.919E+06,2.214E+06,6.495E+04,1.267E+02,3.717E+00,1.315E+02,8.470E+00,2.221E+01,1.783E+05,
9.100E+00,0.000E+00,9.100E+00,9.100E+00,1.770E+04,1.812E+07,1.219E+04,5.947E+01,0.000E+00,4.807E+00,2.180E+03,5.556E+01,8.977E+06,2.246E+06,6.544E+04,1.269E+02,3.698E+00,1.317E+02,8.505E+00,2.233E+01,1.808E+05,
9.200E+00,0.000E+00,9.200E+00,9.200E+00,1.792E+04,1.835E+07,1.222E+04,5.942E+01,0.000E+00,4.862E+00,2.182E+03,5.560E+01,8.997E+06,2.250E+06,6.562E+04,1.255E+02,3.661E+00,1.304E+02,8.523E+00,2.235E+01,1.811E+05,
9.300E+00,0.000E+00,9.300E+00,9.300E+00,1.815E+04,1.859E+07,1.224E+04,5.937E+01,0.000E+00,4.916E+00,2.187E+03,5.550E+01,8.997E+06,2.261E+06,6.591E+04,1.246E+02,3.631E+00,1.295E+02,8.548E+00,2.239E+01,1.820E+05,
9.400E+00,0.000E+00,9.400E+00,9.400E+00,1.838E+04,1.882E+07,1.227E+04,5.933E+01,0.000E+00,4.971E+00,2.193E+03,5.542E+01,9.018E+06,2.281E+06,6.617E+04,1.241E+02,3.601E+00,1.291E+02,8.572E+00,2.246E+01,1.836E+05,
9.500E+00,0.000E+00,9.500E+00,9.500E+00,1.860E+04,1.905E+07,1.230E+04,5.928E+01,0.000E+00,5.026E+00,2.199E+03,5.538E+01,9.041E+06,2.297E+06,6.643E+04,1.235E+02,3.571E+00,1.285E+02,8.597E+00,2.252E+01,1.849E+05,
9.600E+00,0.000E+00,9.600E+00,9.600E+00,1.883E+04,1.928E+07,1.232E+04,5.924E+01,0.000E+00,5.081E+00,2.207E+03,5.552E+01,9.126E+06,2.322E+06,6.673E+04,1.233E+02,3.544E+00,1.284E+02,8.625E+00,2.260E+01,1.869E+05,
9.700E+00,0.000E+00,9.700E+00,9.700E+00,1.906E+04,1.952E+07,1.235E+04,5.919E+01,0.000E+00,5.135E+00,2.209E+03,5.550E+01,9.133E+06,2.328E+06,6.679E+04,1.222E+02,3.504E+00,1.273E+02,8.640E+00,2.262E+01,1.874E+05,
9.800E+00,0.000E+00,9.800E+00,9.800E+00,1.929E+04,1.975E+07,1.238E+04,5.915E+01,0.000E+00,5.190E+00,2.214E+03,5.543E+01,9.146E+06,2.344E+06,6.694E+04,1.215E+02,3.471E+00,1.267E+02,8.661E+00,2.267E+01,1.887E+05,
9.900E+00,0.000E+00,9.900E+00,9.900E+00,1.952E+04,1.998E+07,1.240E+04,5.911E+01,0.000E+00,5.245E+00,2.219E+03,5.542E+01,9.173E+06,2.358E+06,6.710E+04,1.209E+02,3.438E+00,1.261E+02,8.683E+00,2.272E+01,1.899E+05,
1.000E+01,0.000E+00,1.000E+01,1.000E+01,1.974E+04,2.022E+07,1.243E+04,5.907E+01,0.000E+00,5.300E+00,2.226E+03,5.537E+01,9.203E+06,2.378E+06,6.757E+04,1.204E+02,3.422E+00,1.257E+02,8.722E+00,2.279E+01,1.914E+05,
1.010E+01,0.000E+00,1.010E+01,1.010E+01,1.997E+04,2.045E+07,1.246E+04,5.902E+01,0.000E+00,5.354E+00,2.230E+03,5.527E+01,9.203E+06,2.389E+06,6.784E+04,1.196E+02,3.396E+00,1.250E+02,8.751E+00,2.284E+01,1.923E+05,
1.020E+01,0.000E+00,1.020E+01,1.020E+01,2.021E+04,2.069E+07,1.248E+04,5.899E+01,0.000E+00,5.409E+00,2.238E+03,5.528E+01,9.252E+06,2.411E+06,6.820E+04,1.193E+02,3.375E+00,1.247E+02,8.785E+00,2.292E+01,1.941E+05,
1.030E+01,0.000E+00,1.030E+01,1.030E+01,2.044E+04,2.093E+07,1.251E+04,5.895E+01,0.000E+00,5.464E+00,2.239E+03,5.527E+01,9.252E+06,2.413E+06,6.824E+04,1.181E+02,3.339E+00,1.236E+02,8.803E+00,2.293E+01,1.943E+05,
1.040E+01,0.000E+00,1.040E+01,1.040E+01,2.067E+04,2.116E+07,1.253E+04,5.891E+01,0.000E+00,5.519E+00,2.244E+03,5.530E+01,9.292E+06,2.429E+06,6.852E+04,1.175E+02,3.315E+00,1.231E+02,8.834E+00,2.298E+01,1.956E+05,
1.050E+01,0.000E+00,1.050E+01,1.050E+01,2.090E+04,2.140E+07,1.256E+04,5.887E+01,0.000E+00,5.573E+00,2.254E+03,5.525E+01,9.335E+06,2.456E+06,6.905E+04,1.175E+02,3.304E+00,1.231E+02,8.877E+00,2.308E+01,1.977E+05,
1.060E+01,0.000E+00,1.060E+01,1.060E+01,2.113E+04,2.164E+07,1.259E+04,5.883E+01,0.000E+00,5.628E+00,2.256E+03,5.526E+01,9.354E+06,2.465E+06,6.912E+04,1.166E+02,3.271E+00,1.223E+02,8.899E+00,2.310E+01,1.984E+05,
1.070E+01,0.000E+00,1.070E+01,1.070E+01,2.137E+04,2.188E+07,1.261E+04,5.880E+01,0.000E+00,5.683E+00,2.261E+03,5.526E+01,9.377E+06,2.475E+06,6.949E+04,1.158E+02,3.252E+00,1.215E+02,8.935E+00,2.315E+01,1.992E+05,
1.080E+01,0.000E+00,1.080E+01,1.080E+01,2.160E+04,2.212E+07,1.264E+04,5.876E+01,0.000E+00,5.738E+00,2.264E+03,5.528E+01,9.402E+06,2.484E+06,6.969E+04,1.150E+02,3.227E+00,1.207E+02,8.964E+00,2.318E+01,2.000E+05,
1.090E+01,0.000E+00,1.090E+01,1.090E+01,2.183E+04,2.236E+07,1.266E+04,5.873E+01,0.000E+00,5.793E+00,2.268E+03,5.529E+01,9.431E+06,2.499E+06,6.981E+04,1.144E+02,3.198E+00,1.202E+02,8.990E+00,2.323E+01,2.012E+05,
1.100E+01,0.000E+00,1.100E+01,1.100E+01,2.207E+04,2.260E+07,1.269E+04,5.869E+01,0.000E+00,5.848E+00,2.273E+03,5.528E+01,9.457E+06,2.513E+06,7.002E+04,1.139E+02,3.173E+00,1.197E+02,9.021E+00,2.327E+01,2.023E+05,



Hull Hydrostatics   :,
71
 0.000E+00,0.000E+00,0.000E+00,0.000E+00,0.000E+00,0.000E+00,0.000E+00,      0,      0,      0,0.000E+00,      0,0.000E+00,      0,0.000E+00,      0,      0,      0,      0,0.000E+00,      0,
 2.000E-01,0.000E+00,2.000E-01,2.000E-01,2.553E+02,2.614E+05,9.673E+03,6.014E+01,0.000E+00,1.154E-01,1.340E+03,6.035E+01,5.603E+06,7.223E+05,2.887E+04,2.830E+03,1.131E+02,2.830E+03,1.132E+02,1.372E+01,5.815E+04,
 4.000E-01,0.000E+00,4.000E-01,4.000E-01,5.584E+02,5.718E+05,9.761E+03,6.059E+01,0.000E+00,2.229E-01,1.363E+03,6.263E+01,6.120E+06,7.729E+05,2.857E+04,1.384E+03,5.117E+01,1.384E+03,5.139E+01,1.396E+01,6.222E+04,
 6.000E-01,0.000E+00,6.000E-01,6.000E-01,8.732E+02,8.941E+05,9.835E+03,6.102E+01,0.000E+00,3.290E-01,1.444E+03,6.222E+01,6.480E+06,8.896E+05,3.142E+04,1.019E+03,3.598E+01,1.019E+03,3.631E+01,1.479E+01,7.162E+04,
 8.000E-01,0.000E+00,8.000E-01,8.000E-01,1.197E+03,1.226E+06,9.904E+03,6.126E+01,0.000E+00,4.332E-01,1.561E+03,6.058E+01,6.754E+06,1.025E+06,3.736E+04,8.564E+02,3.121E+01,8.569E+02,3.164E+01,1.599E+01,8.254E+04,
 1.000E+00,0.000E+00,1.000E+00,1.000E+00,1.530E+03,1.567E+06,9.966E+03,6.136E+01,0.000E+00,5.356E-01,1.530E+03,6.263E+01,6.975E+06,9.725E+05,3.604E+04,6.355E+02,2.355E+01,6.360E+02,2.409E+01,1.567E+01,7.829E+04,
 1.200E+00,0.000E+00,1.200E+00,1.200E+00,1.871E+03,1.916E+06,1.003E+04,6.140E+01,0.000E+00,6.377E-01,1.601E+03,6.171E+01,7.140E+06,1.045E+06,4.058E+04,5.584E+02,2.169E+01,5.590E+02,2.232E+01,1.639E+01,8.410E+04,
 1.400E+00,0.000E+00,1.400E+00,1.400E+00,2.219E+03,2.272E+06,1.010E+04,6.141E+01,0.000E+00,7.400E-01,1.710E+03,6.009E+01,7.348E+06,1.174E+06,4.755E+04,5.290E+02,2.143E+01,5.297E+02,2.217E+01,1.751E+01,9.448E+04,
 1.600E+00,0.000E+00,1.600E+00,1.600E+00,2.572E+03,2.634E+06,1.017E+04,6.139E+01,0.000E+00,8.428E-01,1.730E+03,6.011E+01,7.454E+06,1.202E+06,4.844E+04,4.675E+02,1.883E+01,4.683E+02,1.967E+01,1.771E+01,9.680E+04,
 1.800E+00,0.000E+00,1.800E+00,1.800E+00,2.931E+03,3.002E+06,1.024E+04,6.137E+01,0.000E+00,9.459E-01,1.747E+03,6.026E+01,7.576E+06,1.233E+06,4.906E+04,4.206E+02,1.673E+01,4.215E+02,1.768E+01,1.789E+01,9.926E+04,
 2.000E+00,0.000E+00,2.000E+00,2.000E+00,3.296E+03,3.375E+06,1.030E+04,6.134E+01,0.000E+00,1.049E+00,1.686E+03,6.207E+01,7.671E+06,1.174E+06,4.409E+04,3.562E+02,1.338E+01,3.572E+02,1.443E+01,1.727E+01,9.450E+04,
 2.200E+00,0.000E+00,2.200E+00,2.200E+00,3.664E+03,3.752E+06,1.035E+04,6.132E+01,0.000E+00,1.153E+00,1.730E+03,6.157E+01,7.790E+06,1.230E+06,4.701E+04,3.357E+02,1.283E+01,3.369E+02,1.398E+01,1.772E+01,9.903E+04,
 2.400E+00,0.000E+00,2.400E+00,2.400E+00,4.036E+03,4.133E+06,1.040E+04,6.129E+01,0.000E+00,1.256E+00,1.740E+03,6.149E+01,7.829E+06,1.248E+06,4.741E+04,3.091E+02,1.175E+01,3.104E+02,1.300E+01,1.782E+01,1.004E+05,
 2.600E+00,0.000E+00,2.600E+00,2.600E+00,4.411E+03,4.516E+06,1.046E+04,6.127E+01,0.000E+00,1.360E+00,1.756E+03,6.165E+01,7.952E+06,1.277E+06,4.794E+04,2.896E+02,1.087E+01,2.910E+02,1.223E+01,1.798E+01,1.028E+05,
 2.800E+00,0.000E+00,2.800E+00,2.800E+00,4.788E+03,4.902E+06,1.051E+04,6.125E+01,0.000E+00,1.464E+00,1.855E+03,6.011E+01,8.096E+06,1.393E+06,5.603E+04,2.909E+02,1.170E+01,2.924E+02,1.317E+01,1.900E+01,1.121E+05,
 3.000E+00,0.000E+00,3.000E+00,3.000E+00,5.166E+03,5.290E+06,1.056E+04,6.124E+01,0.000E+00,1.568E+00,1.862E+03,6.011E+01,8.135E+06,1.407E+06,5.622E+04,2.724E+02,1.088E+01,2.740E+02,1.245E+01,1.907E+01,1.133E+05,
 3.200E+00,0.000E+00,3.200E+00,3.200E+00,5.547E+03,5.680E+06,1.061E+04,6.123E+01,0.000E+00,1.672E+00,1.874E+03,6.002E+01,8.179E+06,1.429E+06,5.671E+04,2.576E+02,1.022E+01,2.593E+02,1.190E+01,1.919E+01,1.150E+05,
 3.400E+00,0.000E+00,3.400E+00,3.400E+00,5.928E+03,6.070E+06,1.066E+04,6.123E+01,0.000E+00,1.776E+00,1.882E+03,6.002E+01,8.223E+06,1.444E+06,5.699E+04,2.437E+02,9.614E+00,2.455E+02,1.139E+01,1.927E+01,1.163E+05,
 3.600E+00,0.000E+00,3.600E+00,3.600E+00,6.310E+03,6.461E+06,1.071E+04,6.123E+01,0.000E+00,1.880E+00,1.892E+03,6.001E+01,8.275E+06,1.462E+06,5.741E+04,2.317E+02,9.099E+00,2.336E+02,1.098E+01,1.937E+01,1.177E+05,
 3.800E+00,0.000E+00,3.800E+00,3.800E+00,6.693E+03,6.854E+06,1.076E+04,6.123E+01,0.000E+00,1.985E+00,1.808E+03,6.153E+01,8.221E+06,1.376E+06,4.964E+04,2.056E+02,7.417E+00,2.076E+02,9.401E+00,1.851E+01,1.108E+05,
 4.000E+00,0.000E+00,4.000E+00,4.000E+00,7.077E+03,7.247E+06,1.081E+04,6.123E+01,0.000E+00,2.089E+00,1.818E+03,6.128E+01,8.223E+06,1.397E+06,5.001E+04,1.974E+02,7.067E+00,1.994E+02,9.155E+00,1.861E+01,1.124E+05,
 4.200E+00,0.000E+00,4.200E+00,4.200E+00,7.463E+03,7.642E+06,1.086E+04,6.123E+01,0.000E+00,2.193E+00,1.831E+03,6.144E+01,8.333E+06,1.423E+06,5.051E+04,1.907E+02,6.768E+00,1.929E+02,8.962E+00,1.874E+01,1.145E+05,
 4.400E+00,0.000E+00,4.400E+00,4.400E+00,7.849E+03,8.038E+06,1.091E+04,6.123E+01,0.000E+00,2.298E+00,1.838E+03,6.135E+01,8.359E+06,1.441E+06,5.068E+04,1.836E+02,6.457E+00,1.858E+02,8.755E+00,1.882E+01,1.160E+05,
 4.600E+00,0.000E+00,4.600E+00,4.600E+00,8.238E+03,8.435E+06,1.096E+04,6.123E+01,0.000E+00,2.403E+00,1.849E+03,6.118E+01,8.383E+06,1.463E+06,5.110E+04,1.776E+02,6.203E+00,1.800E+02,8.606E+00,1.893E+01,1.178E+05,
 4.800E+00,0.000E+00,4.800E+00,4.800E+00,8.628E+03,8.835E+06,1.101E+04,6.122E+01,0.000E+00,2.507E+00,1.882E+03,6.066E+01,8.425E+06,1.500E+06,5.380E+04,1.739E+02,6.236E+00,1.764E+02,8.743E+00,1.927E+01,1.208E+05,
 5.000E+00,0.000E+00,5.000E+00,5.000E+00,9.020E+03,9.236E+06,1.106E+04,6.120E+01,0.000E+00,2.612E+00,1.896E+03,6.049E+01,8.465E+06,1.528E+06,5.444E+04,1.694E+02,6.035E+00,1.720E+02,8.648E+00,1.941E+01,1.230E+05,
 5.200E+00,0.000E+00,5.200E+00,5.200E+00,9.415E+03,9.641E+06,1.111E+04,6.117E+01,0.000E+00,2.718E+00,1.905E+03,6.027E+01,8.465E+06,1.545E+06,5.489E+04,1.641E+02,5.830E+00,1.668E+02,8.548E+00,1.951E+01,1.244E+05,
 5.400E+00,0.000E+00,5.400E+00,5.400E+00,9.812E+03,1.005E+07,1.116E+04,6.114E+01,0.000E+00,2.823E+00,1.918E+03,6.009E+01,8.497E+06,1.574E+06,5.537E+04,1.604E+02,5.643E+00,1.632E+02,8.466E+00,1.964E+01,1.267E+05,
 5.600E+00,0.000E+00,5.600E+00,5.600E+00,1.021E+04,1.046E+07,1.121E+04,6.110E+01,0.000E+00,2.928E+00,1.927E+03,5.990E+01,8.504E+06,1.589E+06,5.592E+04,1.556E+02,5.476E+00,1.586E+02,8.404E+00,1.973E+01,1.280E+05,
 5.800E+00,0.000E+00,5.800E+00,5.800E+00,1.062E+04,1.087E+07,1.127E+04,6.105E+01,0.000E+00,3.034E+00,1.940E+03,5.958E+01,8.506E+06,1.621E+06,5.634E+04,1.527E+02,5.307E+00,1.557E+02,8.341E+00,1.986E+01,1.305E+05,
 6.000E+00,0.000E+00,6.000E+00,6.000E+00,1.102E+04,1.129E+07,1.132E+04,6.100E+01,0.000E+00,3.139E+00,1.951E+03,5.933E+01,8.510E+06,1.642E+06,5.704E+04,1.489E+02,5.175E+00,1.521E+02,8.315E+00,1.998E+01,1.322E+05,
 6.200E+00,0.000E+00,6.200E+00,6.200E+00,1.143E+04,1.170E+07,1.138E+04,6.093E+01,0.000E+00,3.245E+00,1.966E+03,5.895E+01,8.511E+06,1.680E+06,5.737E+04,1.470E+02,5.019E+00,1.503E+02,8.264E+00,2.013E+01,1.353E+05,
 6.400E+00,0.000E+00,6.400E+00,6.400E+00,1.184E+04,1.213E+07,1.144E+04,6.086E+01,0.000E+00,3.351E+00,1.984E+03,5.852E+01,8.515E+06,1.723E+06,5.805E+04,1.455E+02,4.902E+00,1.488E+02,8.254E+00,2.031E+01,1.387E+05,
 6.600E+00,0.000E+00,6.600E+00,6.600E+00,1.226E+04,1.255E+07,1.150E+04,6.078E+01,0.000E+00,3.458E+00,2.003E+03,5.827E+01,8.574E+06,1.772E+06,5.870E+04,1.446E+02,4.789E+00,1.480E+02,8.247E+00,2.051E+01,1.426E+05,
 6.800E+00,0.000E+00,6.800E+00,6.800E+00,1.268E+04,1.298E+07,1.156E+04,6.068E+01,0.000E+00,3.565E+00,2.017E+03,5.797E+01,8.587E+06,1.809E+06,5.906E+04,1.427E+02,4.659E+00,1.463E+02,8.224E+00,2.065E+01,1.456E+05,
 7.000E+00,0.000E+00,7.000E+00,7.000E+00,1.310E+04,1.341E+07,1.162E+04,6.058E+01,0.000E+00,3.671E+00,2.033E+03,5.755E+01,8.583E+06,1.852E+06,5.958E+04,1.413E+02,4.548E+00,1.450E+02,8.219E+00,2.081E+01,1.491E+05,
 7.200E+00,0.000E+00,7.200E+00,7.200E+00,1.353E+04,1.385E+07,1.167E+04,6.048E+01,0.000E+00,3.779E+00,2.050E+03,5.718E+01,8.601E+06,1.899E+06,6.004E+04,1.404E+02,4.439E+00,1.442E+02,8.218E+00,2.099E+01,1.529E+05,
 7.400E+00,0.000E+00,7.400E+00,7.400E+00,1.395E+04,1.429E+07,1.173E+04,6.037E+01,0.000E+00,3.886E+00,2.062E+03,5.688E+01,8.602E+06,1.932E+06,6.038E+04,1.385E+02,4.327E+00,1.423E+02,8.213E+00,2.111E+01,1.555E+05,
 7.600E+00,0.000E+00,7.600E+00,7.600E+00,1.439E+04,1.473E+07,1.179E+04,6.026E+01,0.000E+00,3.994E+00,2.078E+03,5.667E+01,8.646E+06,1.972E+06,6.111E+04,1.371E+02,4.248E+00,1.411E+02,8.242E+00,2.128E+01,1.588E+05,
 7.800E+00,0.000E+00,7.800E+00,7.800E+00,1.482E+04,1.518E+07,1.184E+04,6.015E+01,0.000E+00,4.102E+00,2.096E+03,5.650E+01,8.712E+06,2.020E+06,6.178E+04,1.363E+02,4.169E+00,1.404E+02,8.270E+00,2.146E+01,1.626E+05,
 8.000E+00,0.000E+00,8.000E+00,8.000E+00,1.526E+04,1.562E+07,1.190E+04,6.004E+01,0.000E+00,4.210E+00,2.109E+03,5.619E+01,8.713E+06,2.054E+06,6.239E+04,1.346E+02,4.089E+00,1.389E+02,8.299E+00,2.160E+01,1.654E+05,
 8.200E+00,0.000E+00,8.200E+00,8.200E+00,1.570E+04,1.607E+07,1.195E+04,5.993E+01,0.000E+00,4.318E+00,2.118E+03,5.616E+01,8.757E+06,2.077E+06,6.269E+04,1.324E+02,3.994E+00,1.367E+02,8.312E+00,2.169E+01,1.673E+05,
 8.400E+00,0.000E+00,8.400E+00,8.400E+00,1.614E+04,1.652E+07,1.200E+04,5.982E+01,0.000E+00,4.426E+00,2.128E+03,5.593E+01,8.764E+06,2.106E+06,6.311E+04,1.305E+02,3.911E+00,1.349E+02,8.337E+00,2.179E+01,1.696E+05,
 8.600E+00,0.000E+00,8.600E+00,8.600E+00,1.658E+04,1.698E+07,1.206E+04,5.972E+01,0.000E+00,4.535E+00,2.146E+03,5.579E+01,8.835E+06,2.156E+06,6.372E+04,1.300E+02,3.843E+00,1.345E+02,8.378E+00,2.197E+01,1.735E+05,
 8.800E+00,0.000E+00,8.800E+00,8.800E+00,1.703E+04,1.743E+07,1.211E+04,5.961E+01,0.000E+00,4.643E+00,2.156E+03,5.571E+01,8.872E+06,2.180E+06,6.434E+04,1.281E+02,3.779E+00,1.327E+02,8.422E+00,2.208E+01,1.755E+05,
 9.000E+00,0.000E+00,9.000E+00,9.000E+00,1.747E+04,1.789E+07,1.216E+04,5.952E+01,0.000E+00,4.752E+00,2.169E+03,5.560E+01,8.919E+06,2.214E+06,6.495E+04,1.267E+02,3.717E+00,1.315E+02,8.470E+00,2.221E+01,1.783E+05,
 9.200E+00,0.000E+00,9.200E+00,9.200E+00,1.792E+04,1.835E+07,1.222E+04,5.942E+01,0.000E+00,4.862E+00,2.182E+03,5.560E+01,8.997E+06,2.250E+06,6.562E+04,1.255E+02,3.661E+00,1.304E+02,8.523E+00,2.235E+01,1.811E+05,
 9.400E+00,0.000E+00,9.400E+00,9.400E+00,1.838E+04,1.882E+07,1.227E+04,5.933E+01,0.000E+00,4.971E+00,2.193E+03,5.542E+01,9.018E+06,2.281E+06,6.617E+04,1.241E+02,3.601E+00,1.291E+02,8.572E+00,2.246E+01,1.836E+05,
 9.600E+00,0.000E+00,9.600E+00,9.600E+00,1.883E+04,1.928E+07,1.232E+04,5.924E+01,0.000E+00,5.081E+00,2.207E+03,5.552E+01,9.126E+06,2.322E+06,6.673E+04,1.233E+02,3.544E+00,1.284E+02,8.625E+00,2.260E+01,1.869E+05,
 9.800E+00,0.000E+00,9.800E+00,9.800E+00,1.929E+04,1.975E+07,1.238E+04,5.915E+01,0.000E+00,5.190E+00,2.214E+03,5.543E+01,9.146E+06,2.344E+06,6.694E+04,1.215E+02,3.471E+00,1.267E+02,8.661E+00,2.267E+01,1.887E+05,
 1.000E+01,0.000E+00,1.000E+01,1.000E+01,1.974E+04,2.022E+07,1.243E+04,5.907E+01,0.000E+00,5.300E+00,2.226E+03,5.537E+01,9.203E+06,2.378E+06,6.757E+04,1.204E+02,3.422E+00,1.257E+02,8.722E+00,2.279E+01,1.914E+05,
 1.020E+01,0.000E+00,1.020E+01,1.020E+01,2.021E+04,2.069E+07,1.248E+04,5.899E+01,0.000E+00,5.409E+00,2.238E+03,5.528E+01,9.252E+06,2.411E+06,6.820E+04,1.193E+02,3.375E+00,1.247E+02,8.785E+00,2.292E+01,1.941E+05,
 1.040E+01,0.000E+00,1.040E+01,1.040E+01,2.067E+04,2.116E+07,1.253E+04,5.891E+01,0.000E+00,5.519E+00,2.244E+03,5.530E+01,9.292E+06,2.429E+06,6.852E+04,1.175E+02,3.315E+00,1.231E+02,8.834E+00,2.298E+01,1.956E+05,
 1.060E+01,0.000E+00,1.060E+01,1.060E+01,2.113E+04,2.164E+07,1.259E+04,5.883E+01,0.000E+00,5.628E+00,2.256E+03,5.526E+01,9.354E+06,2.465E+06,6.912E+04,1.166E+02,3.271E+00,1.223E+02,8.899E+00,2.310E+01,1.984E+05,
 1.080E+01,0.000E+00,1.080E+01,1.080E+01,2.160E+04,2.212E+07,1.264E+04,5.876E+01,0.000E+00,5.738E+00,2.264E+03,5.528E+01,9.402E+06,2.484E+06,6.969E+04,1.150E+02,3.227E+00,1.207E+02,8.964E+00,2.318E+01,2.000E+05,
 1.100E+01,0.000E+00,1.100E+01,1.100E+01,2.207E+04,2.260E+07,1.269E+04,5.869E+01,0.000E+00,5.848E+00,2.273E+03,5.528E+01,9.457E+06,2.513E+06,7.002E+04,1.139E+02,3.173E+00,1.197E+02,9.021E+00,2.327E+01,2.023E+05,
 1.120E+01,0.000E+00,1.120E+01,1.120E+01,2.254E+04,2.308E+07,1.274E+04,5.863E+01,0.000E+00,5.957E+00,2.276E+03,5.531E+01,9.485E+06,2.523E+06,7.013E+04,1.120E+02,3.112E+00,1.179E+02,9.069E+00,2.330E+01,2.031E+05,
 1.140E+01,0.000E+00,1.140E+01,1.140E+01,2.301E+04,2.356E+07,1.279E+04,5.856E+01,0.000E+00,6.067E+00,2.281E+03,5.531E+01,9.519E+06,2.540E+06,7.044E+04,1.104E+02,3.062E+00,1.165E+02,9.128E+00,2.336E+01,2.045E+05,
 1.160E+01,0.000E+00,1.160E+01,1.160E+01,2.347E+04,2.404E+07,1.286E+04,5.850E+01,0.000E+00,6.175E+00,2.162E+03,5.446E+01,8.889E+06,2.476E+06,5.969E+04,1.055E+02,2.543E+00,1.117E+02,8.718E+00,2.214E+01,1.994E+05,
 1.180E+01,0.000E+00,1.180E+01,1.180E+01,2.389E+04,2.446E+07,1.321E+04,5.840E+01,0.000E+00,6.271E+00,1.707E+03,4.809E+01,5.971E+06,2.025E+06,3.535E+04,8.477E+01,1.479E+00,9.104E+01,7.750E+00,1.747E+01,1.631E+05,
 1.200E+01,0.000E+00,1.200E+01,1.200E+01,2.418E+04,2.476E+07,1.407E+04,5.821E+01,0.000E+00,6.337E+00,9.190E+02,2.463E+01,1.267E+06,7.092E+05,2.716E+04,2.933E+01,1.123E+00,3.567E+01,7.460E+00,9.411E+00,5.709E+04,
 1.220E+01,0.000E+00,1.220E+01,1.220E+01,2.437E+04,2.495E+07,1.424E+04,5.796E+01,0.000E+00,6.382E+00,8.923E+02,2.470E+01,1.269E+06,7.247E+05,2.463E+04,2.974E+01,1.011E+00,3.612E+01,7.392E+00,9.137E+00,5.834E+04,
 1.240E+01,0.000E+00,1.240E+01,1.240E+01,2.456E+04,2.515E+07,1.427E+04,5.771E+01,0.000E+00,6.428E+00,8.923E+02,2.499E+01,1.306E+06,7.491E+05,2.441E+04,3.050E+01,9.942E-01,3.693E+01,7.422E+00,9.138E+00,6.030E+04,
 1.260E+01,0.000E+00,1.260E+01,1.260E+01,2.474E+04,2.534E+07,1.429E+04,5.747E+01,0.000E+00,6.474E+00,8.940E+02,2.515E+01,1.333E+06,7.671E+05,2.436E+04,3.100E+01,9.846E-01,3.748E+01,7.459E+00,9.155E+00,6.176E+04,
 1.280E+01,0.000E+00,1.280E+01,1.280E+01,2.493E+04,2.553E+07,1.432E+04,5.723E+01,0.000E+00,6.521E+00,8.617E+02,2.510E+01,1.309E+06,7.666E+05,2.198E+04,3.076E+01,8.818E-01,3.728E+01,7.403E+00,8.824E+00,6.172E+04,
 1.300E+01,0.000E+00,1.300E+01,1.300E+01,2.511E+04,2.571E+07,1.435E+04,5.701E+01,0.000E+00,6.568E+00,8.342E+02,2.527E+01,1.316E+06,7.835E+05,2.038E+04,3.120E+01,8.117E-01,3.777E+01,7.380E+00,8.542E+00,6.307E+04,
 1.320E+01,0.000E+00,1.320E+01,1.320E+01,2.528E+04,2.589E+07,1.439E+04,5.679E+01,0.000E+00,6.614E+00,8.291E+02,2.564E+01,1.348E+06,8.032E+05,1.985E+04,3.177E+01,7.852E-01,3.838E+01,7.400E+00,8.490E+00,6.466E+04,
 1.340E+01,0.000E+00,1.340E+01,1.340E+01,2.545E+04,2.606E+07,1.443E+04,5.659E+01,0.000E+00,6.660E+00,7.929E+02,2.566E+01,1.324E+06,8.017E+05,1.821E+04,3.150E+01,7.152E-01,3.816E+01,7.375E+00,8.119E+00,6.455E+04,
 1.360E+01,0.000E+00,1.360E+01,1.360E+01,2.562E+04,2.623E+07,1.447E+04,5.640E+01,0.000E+00,6.703E+00,7.456E+02,2.549E+01,1.258E+06,7.735E+05,1.632E+04,3.020E+01,6.370E-01,3.690E+01,7.341E+00,7.635E+00,6.227E+04,
 1.380E+01,0.000E+00,1.380E+01,1.380E+01,2.577E+04,2.639E+07,1.452E+04,5.623E+01,0.000E+00,6.745E+00,6.979E+02,2.593E+01,1.256E+06,7.867E+05,1.475E+04,3.053E+01,5.724E-01,3.727E+01,7.317E+00,7.147E+00,6.334E+04,
 1.400E+01,0.000E+00,1.400E+01,1.400E+01,2.591E+04,2.653E+07,1.459E+04,5.607E+01,0.000E+00,6.782E+00,5.773E+02,2.598E+01,1.098E+06,7.086E+05,1.123E+04,2.735E+01,4.335E-01,3.413E+01,7.216E+00,5.911E+00,5.705E+04,










