-3.5999924
-3.000146
-2.0000972
-1.7029172
-0.7028684
4.00E-07
0.399898
1.3999468
2.3999956
3.0001468
4.600042
5.2471324
5.9999884
7.0472812
8.0470252
8.2219804
9.047074
10.0471228
11.0471716
11.1971332
12.0472204
13.0472692
14.0470132
15.047062
16.0471108
17.0471596
17.147134
18.0472084
19.0472572
20.0470012
21.04705
22.0470988
23.0471476
23.0971348
24.0471964
25.0472452
26.0469892
27.047038
27.2000476
28.0470868
29.0471356
46.897138
47.3973148
48.3970588
49.3971076
50.3971564
51.3972052
52.397254
53.3973028
54.3970468
55.3970956
56.3971444
57.3971932
58.397242
58.7971396
59.3972908
60.3970348
61.3970836
62.3971324
63.3971812
64.39723
65.3972788
66.3970228
67.3970716
68.3971204
69.3971692
70.397218
70.6971412
72.3973156
73.3970596
74.3971084
75.3971572
76.397206
77.3972548
78.3973036
79.3970476
80.3970964
81.3971452
82.397194
83.3972428
84.3972916
85.3970356
86.3970844
87.3971332
88.397182
88.5471436
89.3972308
90.3972796
91.3970236
92.3970724
93.3971212
94.39717
94.4971444
95.3972188
96.3972676
97.3970116
98.3970604
99.3971092
100.397158
100.4471452
101.3972068
102.3972556
103.3973044
104.3970484
105.3970972
106.397146
106.499254
107.4993028
108.4990468
109.4990956
110.4991444
110.9999308
111.9999796
112.3471468
113.0000284
114.0000772
114.9998212
115.3219948
115.99987
116.9999188
117.7969708
118.2968428
118.7970196
119.7970684
120.4999372
121.499986
122.5000348